0 26 3
0 32 3
0 41 3
0 49 3
0 55 3
0 57 3
0 70 3
0 78 3
0 89 3
0 90 3
0 92 3
0 97 3
0 100 3
0 104 3
0 111 3
0 128 3
0 143 3
0 152 3
0 158 3
0 162 3
0 171 2
0 178 3
0 179 3
0 184 3
0 194 1
1 120 3
1 206 3
1 207 3
1 218 3
2 0 3
2 7 2
2 9 2
2 18 3
2 37 2
2 51 2
2 68 2
2 72 3
2 77 3
2 96 3
2 137 3
2 168 3
2 217 3
2 222 3
2 225 3
2 226 3
2 231 3
2 237 3
2 240 3
2 243 3
2 244 3
2 246 3
2 247 3
2 248 2
2 249 2
2 250 2
2 253 3
2 254 3
2 255 2
2 260 2
2 261 3
2 263 3
2 264 3
2 269 3
2 270 2
2 272 3
2 275 3
2 278 3
2 280 3
2 281 3
2 282 3
2 284 3
2 285 3
2 288 3
2 290 2
2 291 3
2 293 3
2 297 3
2 299 3
2 312 3
2 313 3
2 315 3
2 320 3
2 323 3
2 326 3
2 327 3
2 332 3
2 333 3
2 336 1
2 338 3
2 339 3
2 340 3
2 343 1
2 349 3
2 351 2
2 352 3
2 353 3
3 0 3
3 7 3
3 8 3
3 17 3
3 68 3
3 137 3
3 203 3
3 226 3
3 240 3
3 355 3
3 356 3
3 361 3
3 365 3
3 366 3
4 85 3
4 163 3
4 211 3
4 376 1
4 378 1
4 381 3
4 388 3
4 394 3
4 400 3
4 402 2
4 406 2
4 408 2
4 410 3
4 411 2
4 412 3
4 413 2
4 415 3
4 417 3
4 425 1
4 431 3
4 435 1
4 439 3
4 441 3
4 444 3
4 446 3
4 448 2
4 461 3
4 462 3
4 464 2
4 468 3
4 469 2
4 470 3
4 471 3
4 475 2
4 484 3
4 487 1
4 490 2
4 495 2
4 497 1
4 498 3
4 502 3
4 511 2
4 517 3
4 521 2
4 528 2
4 531 2
4 532 3
4 533 2
4 535 3
4 537 3
4 542 3
4 543 1
4 544 2
4 545 2
4 546 1
4 547 1
4 548 2
4 550 3
4 552 2
4 558 3
4 563 1
4 564 3
4 565 3
4 566 1
4 567 1
4 568 3
4 569 3
4 573 1
4 576 3
4 577 3
4 579 2
4 584 3
4 587 1
4 590 3
4 595 2
4 597 2
4 598 1
4 599 1
4 600 1
4 601 2
4 603 3
4 604 1
4 605 1
4 609 3
4 610 1
4 612 2
4 614 3
4 615 1
4 618 1
4 620 2
4 621 2
4 623 1
4 624 1
4 627 1
4 628 3
4 629 3
4 630 2
4 634 3
4 636 2
4 638 3
4 639 3
4 640 1
4 641 1
4 643 2
4 644 3
4 645 3
4 647 2
4 651 3
4 652 1
4 655 2
4 656 1
4 657 3
4 659 2
5 0 3
5 8 3
5 35 3
5 48 3
5 68 3
5 136 3
5 139 3
5 155 3
5 156 3
5 204 3
5 301 3
5 340 3
5 363 3
5 373 3
5 419 3
5 420 3
5 425 2
5 444 3
5 662 3
5 663 3
5 664 3
5 667 3
5 668 3
5 671 3
5 673 3
5 674 3
5 676 3
5 677 3
5 678 3
5 679 3
5 680 3
5 682 3
5 683 3
5 684 3
5 685 3
5 688 3
5 689 3
5 690 3
5 692 3
5 694 2
5 695 3
5 697 3
5 698 3
5 701 3
5 702 3
5 703 3
5 704 2
5 705 3
5 706 3
5 707 3
5 708 3
5 712 3
5 714 3
5 715 3
5 718 3
6 18 3
6 85 3
6 124 3
6 130 3
6 131 3
6 162 3
6 211 3
6 220 3
6 304 3
6 322 3
6 360 2
6 431 2
6 539 3
6 560 3
6 570 3
6 628 2
6 643 2
6 650 2
6 651 2
6 660 2
6 720 3
6 721 2
6 723 3
6 725 2
6 727 1
6 728 2
6 729 3
6 731 3
6 732 3
6 736 3
6 737 3
6 746 3
6 748 2
6 752 2
6 754 3
6 755 3
6 757 3
6 759 3
6 762 3
6 765 3
6 766 2
6 776 3
6 779 2
6 784 2
6 785 3
6 788 3
6 792 2
6 793 2
6 795 1
6 796 3
6 798 2
6 807 3
6 808 2
7 7 3
7 53 3
7 71 3
7 81 2
7 89 3
7 95 3
7 106 3
7 137 3
7 142 3
7 144 3
7 153 3
7 237 3
7 394 3
7 431 3
7 433 3
7 476 3
7 493 3
7 494 3
7 520 3
7 583 3
7 592 3
7 688 3
7 707 3
7 721 3
7 813 3
7 816 3
7 818 3
7 820 3
7 821 2
7 828 3
7 830 2
7 835 3
7 836 2
7 837 3
7 838 3
7 839 3
7 841 3
7 842 3
7 846 2
7 847 1
7 852 3
7 855 3
7 857 3
7 859 3
7 861 3
7 862 3
7 864 3
7 865 2
7 871 3
7 874 3
7 880 3
7 885 3
7 886 3
7 887 2
7 888 3
7 889 3
7 890 3
7 896 1
7 900 3
7 901 3
7 909 3
7 910 2
7 911 3
7 915 3
7 916 1
7 917 3
7 923 3
7 927 2
7 928 3
7 930 3
7 933 3
8 88 3
8 178 3
8 194 1
8 205 3
8 230 2
8 269 3
8 336 3
8 392 3
8 404 1
8 415 1
8 424 3
8 433 3
8 454 2
8 487 1
8 512 3
8 528 3
8 530 2
8 555 1
8 576 1
8 579 3
8 609 2
8 612 3
8 618 1
8 628 1
8 640 1
8 648 1
8 721 1
8 746 3
8 747 2
8 818 3
8 887 2
8 888 3
8 901 3
8 928 3
8 940 1
8 942 2
8 943 1
8 947 2
8 949 3
8 954 3
8 955 2
8 956 3
8 958 3
8 960 2
8 968 3
8 969 3
8 970 3
8 978 1
8 981 3
8 983 2
8 988 1
8 995 2
8 996 3
8 997 1
8 1000 3
8 1002 1
8 1003 3
8 1010 1
8 1011 1
8 1020 3
8 1021 3
8 1032 1
8 1033 1
8 1035 3
8 1036 2
8 1038 3
8 1039 3
8 1040 3
8 1042 3
8 1045 2
8 1046 1
8 1052 3
8 1054 3
8 1059 3
8 1062 3
8 1068 3
8 1069 3
8 1070 2
8 1071 3
8 1076 2
8 1078 2
8 1080 1
8 1084 1
8 1088 3
8 1089 3
8 1094 1
8 1098 3
8 1099 3
8 1106 1
9 81 1
9 182 3
9 498 3
9 581 3
9 592 3
9 1063 3
9 1071 3
9 1110 3
9 1121 3
9 1124 3
9 1136 3
9 1140 3
9 1141 3
9 1145 3
9 1147 2
9 1149 3
9 1152 3
9 1154 3
9 1158 1
9 1159 3
9 1160 3
9 1161 3
10 680 3
11 49 3
11 51 3
11 76 3
11 85 3
11 95 3
11 102 3
11 134 3
11 143 3
11 162 3
11 166 3
11 184 2
11 207 1
11 254 3
11 259 3
11 353 3
11 365 3
11 389 3
11 413 2
11 425 2
11 430 3
11 529 3
11 564 3
11 609 3
11 628 2
11 694 3
11 700 3
11 702 3
11 707 2
11 746 3
11 818 3
11 831 2
11 833 2
11 836 2
11 852 3
11 900 3
11 914 3
11 969 3
11 971 3
11 1013 3
11 1019 2
11 1085 3
11 1172 3
11 1179 3
11 1182 2
11 1183 3
11 1188 2
11 1194 3
11 1198 2
11 1199 3
11 1200 3
11 1203 2
11 1205 2
11 1206 2
11 1212 3
11 1215 3
11 1217 3
11 1222 3
11 1223 3
11 1225 3
11 1226 3
11 1229 3
11 1230 3
11 1233 3
11 1235 3
11 1236 3
11 1237 3
11 1238 2
11 1239 3
11 1240 3
11 1248 3
11 1249 3
11 1252 3
11 1255 3
11 1257 3
11 1258 2
11 1259 3
11 1261 3
11 1262 3
11 1264 3
11 1266 3
11 1267 3
11 1268 1
11 1269 3
11 1274 2
11 1278 3
11 1283 3
11 1289 3
11 1295 3
11 1296 3
11 1299 2
11 1300 3
11 1301 3
11 1302 3
11 1303 3
11 1306 3
11 1307 2
11 1309 3
11 1311 3
12 94 3
12 174 3
12 219 3
12 821 3
12 862 2
12 915 3
12 1188 3
12 1196 3
12 1218 3
12 1244 3
12 1318 3
12 1326 2
12 1328 3
12 1334 3
12 1335 1
12 1339 3
12 1341 3
12 1342 3
12 1343 3
12 1347 3
12 1351 3
13 6 3
13 7 3
13 8 3
13 23 3
13 35 3
13 77 1
13 129 3
13 157 3
13 161 3
13 169 3
13 170 3
13 203 3
13 205 3
13 219 2
13 222 3
13 273 3
13 302 3
13 363 3
13 365 3
13 400 2
13 439 3
13 440 3
13 446 3
13 472 3
13 479 3
13 503 2
13 1003 3
13 1006 3
13 1074 3
13 1354 3
13 1355 2
13 1357 3
13 1359 3
13 1360 3
13 1361 2
13 1365 2
13 1366 3
13 1371 2
13 1372 3
13 1373 3
13 1377 3
15 7 3
15 39 3
15 74 3
15 81 3
15 148 3
15 191 3
15 222 3
15 412 3
15 417 3
15 424 2
15 428 3
15 430 3
15 431 3
15 435 3
15 460 3
15 486 3
15 490 3
15 494 3
15 528 3
15 529 3
15 536 3
15 540 3
15 548 3
15 559 3
15 575 3
15 576 3
15 580 3
15 584 2
15 586 3
15 591 3
15 603 3
15 630 3
15 648 3
15 653 3
15 660 3
15 825 3
15 857 3
15 864 3
15 884 3
15 887 3
15 913 3
15 953 3
15 958 3
15 962 3
15 1019 3
15 1023 3
15 1024 3
15 1037 3
15 1076 3
15 1079 3
15 1124 3
15 1126 3
15 1158 2
15 1206 3
15 1222 3
15 1257 3
15 1276 3
15 1281 3
15 1308 3
15 1377 3
15 1380 3
15 1381 3
15 1382 3
15 1384 2
15 1388 3
15 1389 3
15 1391 3
15 1392 3
15 1396 3
15 1398 3
15 1400 3
15 1401 3
15 1402 3
15 1403 3
15 1405 3
15 1411 2
15 1412 3
15 1414 3
15 1415 3
15 1417 2
15 1418 3
15 1419 3
15 1420 3
15 1421 2
15 1425 3
15 1426 3
15 1427 3
15 1428 2
15 1436 3
15 1438 3
15 1439 1
15 1441 3
15 1442 3
15 1443 3
15 1445 2
15 1447 3
15 1448 3
15 1449 3
15 1453 3
15 1457 3
15 1459 3
15 1461 3
15 1464 3
15 1465 3
15 1467 3
15 1470 3
15 1471 3
15 1473 3
15 1476 3
15 1477 1
15 1481 3
15 1482 3
15 1483 3
15 1486 3
15 1487 3
15 1488 3
15 1489 1
15 1493 2
15 1494 3
15 1495 2
15 1496 3
15 1497 2
15 1498 3
15 1501 3
15 1502 3
15 1503 3
15 1504 3
15 1505 3
15 1507 3
15 1509 3
15 1511 3
15 1512 3
15 1513 3
15 1514 3
15 1515 3
15 1516 1
15 1517 3
15 1519 3
15 1520 3
15 1524 3
15 1525 3
15 1526 3
15 1527 3
15 1529 3
15 1532 3
15 1533 2
15 1534 2
15 1535 3
15 1537 1
15 1540 3
15 1541 3
15 1543 2
15 1544 2
15 1545 3
15 1546 3
15 1547 1
15 1549 3
15 1551 1
15 1558 3
15 1560 3
15 1561 1
15 1562 3
15 1565 3
15 1566 3
15 1567 3
15 1569 3
15 1570 3
15 1574 3
15 1577 3
15 1578 3
15 1581 3
15 1583 2
15 1585 2
15 1586 2
15 1587 3
15 1589 3
15 1597 3
15 1598 3
15 1602 3
15 1605 3
15 1606 1
15 1607 3
15 1608 3
15 1609 3
15 1612 2
15 1613 2
15 1614 3
15 1615 3
15 1617 3
15 1619 3
15 1620 3
15 1621 3
15 1623 3
15 1624 1
15 1625 1
15 1628 1
15 1629 3
15 1633 3
15 1636 2
15 1637 3
15 1638 3
15 1639 3
15 1640 3
15 1642 3
15 1646 3
15 1647 3
15 1651 3
15 1652 3
15 1653 3
15 1655 3
15 1657 3
15 1659 2
15 1661 3
15 1666 2
15 1668 3
15 1671 3
15 1673 3
15 1675 3
15 1676 2
15 1677 3
15 1680 2
15 1685 3
15 1686 3
15 1687 3
15 1688 3
16 95 3
16 247 3
16 340 3
16 564 1
16 576 3
16 579 1
16 728 3
16 748 3
16 774 2
16 779 1
16 836 2
16 915 3
16 1116 3
16 1124 2
16 1130 3
16 1172 3
16 1303 3
16 1327 3
16 1471 1
16 1601 1
16 1609 2
16 1618 1
16 1620 1
16 1690 2
16 1693 3
16 1694 3
16 1695 3
16 1697 3
16 1698 2
16 1699 2
16 1700 3
16 1702 3
16 1703 3
16 1704 2
16 1706 2
16 1707 2
16 1709 3
16 1712 1
16 1715 3
16 1716 2
16 1718 3
16 1719 3
16 1724 3
16 1725 1
16 1726 2
16 1736 3
16 1740 2
16 1746 2
16 1747 2
16 1750 3
16 1751 2
16 1752 3
16 1754 2
16 1757 2
16 1758 3
16 1759 2
16 1760 2
16 1761 3
16 1762 1
16 1766 2
16 1769 2
16 1770 1
16 1771 3
16 1773 3
16 1776 3
16 1777 3
16 1778 2
16 1779 1
16 1780 2
16 1781 3
16 1782 3
16 1783 2
16 1784 3
16 1786 2
16 1788 3
16 1790 1
16 1791 2
16 1793 2
16 1795 2
16 1796 1
16 1799 1
16 1800 1
16 1801 2
16 1806 2
17 13 3
17 44 3
17 49 3
17 84 3
17 87 3
17 112 3
17 124 3
17 143 2
17 153 3
17 162 3
17 178 3
17 180 3
17 186 3
17 194 3
17 240 3
17 294 3
17 394 3
17 400 3
17 404 3
17 412 3
17 425 1
17 431 3
17 442 3
17 446 3
17 459 3
17 463 3
17 472 3
17 481 3
17 493 3
17 498 3
17 504 3
17 547 3
17 579 3
17 583 3
17 632 3
17 640 2
17 657 3
17 664 2
17 671 3
17 699 3
17 721 3
17 731 3
17 788 3
17 847 3
17 865 3
17 870 3
17 875 3
17 880 3
17 883 3
17 884 3
17 904 3
17 952 3
17 955 3
17 957 3
17 958 3
17 1003 3
17 1019 3
17 1033 3
17 1035 3
17 1055 3
17 1099 3
17 1191 2
17 1205 3
17 1215 3
17 1222 3
17 1230 3
17 1232 3
17 1239 3
17 1242 3
17 1246 3
17 1248 3
17 1252 2
17 1257 3
17 1258 3
17 1262 3
17 1266 3
17 1276 3
17 1280 2
17 1289 3
17 1303 3
17 1385 2
17 1386 3
17 1389 2
17 1403 3
17 1432 3
17 1453 2
17 1462 3
17 1500 3
17 1519 3
17 1525 2
17 1535 3
17 1605 3
17 1640 3
17 1650 3
17 1660 3
17 1664 3
17 1671 3
17 1706 2
17 1779 3
17 1810 3
17 1815 3
17 1820 3
17 1824 3
17 1826 3
17 1827 3
17 1830 3
17 1831 3
17 1833 3
17 1836 3
17 1837 3
17 1839 3
17 1845 2
17 1846 3
17 1851 3
17 1853 3
17 1857 2
17 1861 3
17 1864 3
17 1868 3
17 1872 3
17 1874 2
17 1879 3
17 1884 3
17 1885 3
17 1886 2
17 1887 3
17 1889 3
17 1891 2
17 1896 2
17 1897 3
17 1898 3
17 1899 3
17 1901 3
17 1903 3
17 1907 2
17 1911 3
17 1912 3
17 1915 3
17 1916 1
17 1918 3
17 1920 3
17 1921 3
17 1922 3
17 1923 2
17 1925 3
17 1926 3
17 1927 3
17 1928 3
17 1932 3
17 1933 2
17 1937 3
17 1938 3
17 1940 3
17 1941 1
17 1942 3
17 1947 3
17 1948 3
17 1954 3
17 1956 3
17 1958 3
17 1964 3
17 1966 3
17 1969 3
17 1971 3
17 1973 3
17 1975 3
17 1976 3
17 1979 2
17 1983 2
17 1986 3
17 1990 3
17 1991 3
17 1993 3
17 1996 3
17 2002 1
17 2003 3
17 2004 3
17 2007 3
17 2008 3
17 2009 3
17 2015 3
17 2016 3
17 2017 3
17 2020 3
17 2023 3
17 2027 3
17 2028 3
17 2029 3
17 2030 3
17 2031 3
17 2035 3
17 2037 3
17 2042 3
17 2044 3
17 2045 3
17 2046 3
17 2047 3
17 2049 1
17 2052 2
17 2053 3
17 2056 3
17 2058 3
17 2059 3
17 2060 3
17 2061 3
17 2066 2
17 2067 2
17 2069 3
17 2070 3
17 2071 3
17 2075 3
17 2079 2
17 2080 2
17 2081 3
17 2083 3
17 2089 3
17 2091 3
17 2093 3
17 2094 3
17 2098 3
17 2103 3
17 2104 3
17 2105 3
17 2106 3
17 2108 2
17 2111 3
17 2112 3
17 2116 3
17 2120 3
17 2121 2
17 2126 3
17 2134 3
17 2137 3
17 2140 3
17 2142 2
18 68 3
18 77 3
18 78 2
18 88 3
18 92 3
18 94 3
18 95 3
18 106 3
18 116 3
18 143 3
18 201 3
18 207 2
18 244 3
18 302 3
18 329 3
18 345 3
18 386 2
18 389 3
18 394 3
18 397 3
18 419 3
18 421 3
18 425 3
18 430 3
18 431 2
18 434 3
18 446 2
18 546 3
18 553 3
18 685 3
18 704 3
18 712 3
18 721 3
18 731 3
18 746 3
18 820 2
18 837 3
18 838 2
18 875 3
18 913 2
18 915 3
18 999 3
18 1003 3
18 1019 3
18 1023 2
18 1028 3
18 1040 3
18 1064 3
18 1120 2
18 1150 3
18 1196 3
18 1228 3
18 1279 3
18 1281 3
18 1283 2
18 1289 3
18 1322 3
18 1327 3
18 1335 3
18 1345 3
18 1362 3
18 1367 3
18 1386 3
18 1453 3
18 1462 3
18 1495 1
18 1527 3
18 1650 3
18 1814 3
18 1925 3
18 2044 3
18 2064 3
18 2074 2
18 2075 3
18 2087 3
18 2137 3
18 2148 3
18 2152 3
18 2155 3
18 2156 3
18 2157 2
18 2158 3
18 2162 3
18 2164 3
18 2171 3
18 2179 3
18 2180 3
18 2181 3
18 2183 2
18 2184 3
18 2185 2
18 2193 2
18 2194 2
18 2196 3
18 2197 3
18 2200 3
19 3 3
19 4 3
19 34 3
19 48 3
19 67 2
19 72 3
19 77 3
19 80 3
19 81 3
19 87 3
19 111 2
19 122 3
19 131 3
19 142 3
19 153 3
19 158 3
19 159 3
19 162 2
19 166 3
19 170 3
19 174 3
19 202 3
19 220 2
19 224 3
19 238 3
19 241 3
19 248 3
19 249 3
19 251 3
19 263 3
19 264 3
19 270 3
19 279 3
19 284 3
19 294 3
19 295 3
19 299 3
19 300 3
19 306 3
19 311 3
19 330 3
19 335 3
19 354 3
19 372 3
19 384 2
19 386 3
19 410 2
19 419 3
19 433 2
19 439 3
19 460 3
19 489 3
19 493 3
19 503 3
19 520 3
19 529 3
19 536 3
19 546 2
19 553 3
19 555 3
19 563 2
19 564 3
19 669 3
19 676 3
19 693 3
19 694 3
19 700 3
19 729 3
19 731 3
19 732 3
19 750 3
19 812 2
19 816 2
19 823 3
19 827 3
19 844 3
19 848 3
19 857 2
19 864 3
19 870 3
19 873 3
19 900 3
19 901 3
19 907 3
19 910 3
19 911 3
19 914 3
19 915 3
19 916 3
19 917 3
19 924 3
19 949 3
19 960 3
19 970 3
19 977 3
19 1023 3
19 1062 3
19 1063 3
19 1074 3
19 1104 3
19 1109 3
19 1116 3
19 1178 3
19 1179 3
19 1189 3
19 1193 3
19 1210 3
19 1236 3
19 1240 3
19 1267 3
19 1273 3
19 1274 3
19 1278 3
19 1280 3
19 1294 3
19 1342 3
19 1355 3
19 1361 3
19 1363 3
19 1366 3
19 1374 3
19 1425 3
19 1431 3
19 1530 1
19 1535 3
19 1607 3
19 1695 3
19 1706 3
19 1716 3
19 1717 3
19 1718 3
19 1722 3
19 1759 3
19 1779 3
19 1787 3
19 1808 3
19 1813 3
19 1832 3
19 1840 2
19 1915 2
19 1938 3
19 1972 3
19 2003 3
19 2021 3
19 2027 3
19 2039 3
19 2048 3
19 2069 3
19 2078 3
19 2079 3
19 2081 3
19 2082 3
19 2097 3
19 2100 2
19 2105 3
19 2122 3
19 2187 3
19 2203 3
19 2204 3
19 2205 3
19 2206 3
19 2208 3
19 2209 3
19 2210 3
19 2211 3
19 2212 2
19 2214 3
19 2219 3
19 2221 3
19 2223 3
19 2225 3
19 2227 3
19 2229 3
19 2232 3
19 2235 3
19 2236 3
19 2237 3
19 2238 3
19 2239 3
19 2240 3
19 2241 3
19 2243 3
19 2244 3
19 2245 3
19 2247 3
19 2248 3
19 2249 3
19 2250 2
19 2251 3
19 2252 3
19 2253 3
19 2256 3
19 2257 3
19 2258 3
19 2259 3
19 2262 3
19 2263 2
19 2264 3
19 2265 3
19 2267 3
19 2268 3
19 2270 3
19 2271 3
19 2272 3
19 2274 3
19 2275 3
19 2276 3
19 2277 3
19 2278 3
19 2280 3
19 2281 3
19 2282 3
19 2283 3
19 2284 2
19 2285 3
19 2287 3
19 2288 3
19 2289 3
19 2290 3
19 2291 3
19 2293 3
19 2294 3
19 2295 3
19 2297 3
19 2298 3
19 2300 3
19 2301 3
19 2302 3
19 2304 3
19 2306 3
19 2307 3
19 2308 3
19 2309 3
19 2310 3
19 2311 3
19 2312 3
19 2314 2
19 2316 3
19 2317 3
19 2318 3
19 2319 3
19 2320 3
19 2321 3
19 2324 3
19 2326 3
19 2327 3
19 2328 3
19 2330 3
19 2331 3
19 2333 3
19 2335 3
19 2336 3
19 2338 3
19 2339 3
19 2340 3
19 2342 3
19 2343 3
19 2344 3
19 2345 3
19 2346 3
19 2348 3
19 2349 3
19 2350 3
19 2352 3
19 2353 3
19 2354 3
19 2356 3
19 2357 3
19 2358 3
19 2359 3
19 2360 3
19 2361 3
19 2362 3
19 2363 3
19 2364 3
19 2365 3
19 2367 3
19 2368 2
19 2369 3
19 2370 2
19 2371 3
19 2373 3
19 2374 3
19 2376 3
19 2377 3
19 2378 3
19 2379 3
19 2380 3
19 2381 3
19 2382 3
19 2383 3
19 2385 3
19 2386 3
19 2387 3
19 2389 3
19 2390 3
19 2391 3
19 2392 3
19 2393 3
19 2394 3
19 2395 3
19 2396 3
19 2397 3
19 2398 3
19 2399 3
19 2402 3
19 2404 3
19 2405 2
19 2406 3
19 2408 3
19 2409 3
19 2410 3
19 2411 3
19 2412 3
19 2413 3
19 2414 3
19 2415 3
19 2416 3
19 2417 3
19 2418 3
19 2419 3
19 2421 3
19 2422 3
19 2423 3
19 2424 3
19 2426 3
19 2428 3
19 2429 2
19 2430 3
19 2431 3
19 2433 3
19 2434 3
19 2435 3
19 2437 3
19 2438 3
19 2440 3
19 2441 3
19 2442 3
19 2444 3
19 2445 3
19 2446 3
19 2447 3
19 2448 3
19 2449 3
19 2450 3
19 2451 3
19 2453 3
19 2455 3
19 2456 3
19 2457 3
19 2458 3
19 2459 3
19 2460 3
19 2462 3
19 2463 3
19 2464 3
19 2465 3
19 2467 3
19 2468 3
19 2470 3
19 2471 3
19 2472 3
19 2473 3
19 2474 3
19 2478 3
19 2479 3
19 2481 3
19 2482 3
19 2483 3
19 2484 3
19 2485 3
19 2486 3
19 2487 3
19 2489 3
19 2490 3
19 2492 2
19 2493 3
19 2494 3
19 2495 2
19 2497 3
19 2498 3
19 2500 3
19 2501 3
19 2502 2
19 2503 3
19 2504 3
19 2505 3
19 2506 3
19 2508 3
19 2509 3
19 2510 3
19 2511 3
19 2512 3
19 2513 3
19 2514 3
19 2515 3
19 2517 3
19 2521 3
19 2525 3
19 2526 3
19 2527 3
19 2528 3
19 2530 2
19 2533 3
19 2534 3
19 2535 2
19 2538 3
19 2539 3
19 2540 3
19 2541 2
19 2543 2
19 2544 3
19 2546 3
19 2548 3
19 2549 3
19 2551 3
19 2552 3
19 2553 3
19 2554 3
19 2555 3
19 2557 3
19 2559 3
19 2562 3
19 2563 3
19 2564 3
19 2566 3
19 2567 3
19 2568 3
19 2569 2
19 2570 3
19 2572 3
19 2574 3
19 2575 3
19 2576 3
19 2577 3
19 2578 3
19 2581 3
19 2584 3
19 2585 2
19 2586 3
20 6 3
20 481 3
20 663 3
20 716 3
20 787 3
20 915 3
20 932 3
20 947 3
20 986 3
20 1183 3
20 1186 3
20 1222 3
20 1832 3
20 1860 3
20 1910 3
20 1972 3
20 2044 2
20 2119 3
21 405 3
21 871 3
21 1021 3
21 1080 3
21 1205 2
21 1206 2
21 1385 3
21 1840 3
21 1885 2
21 2116 1
21 2485 3
21 2608 3
21 2609 2
22 779 3
22 1192 3
22 1936 3
22 2166 2
22 2610 3
22 2611 2
22 2613 2
22 2614 3
22 2615 3
22 2616 3
22 2620 3
22 2622 2
24 0 3
24 3 3
24 46 3
24 67 3
24 83 3
24 84 3
24 97 3
24 98 3
24 108 3
24 124 3
24 125 3
24 147 3
24 186 3
24 272 3
24 282 3
24 290 3
24 294 3
24 313 3
24 317 3
24 323 1
24 344 3
24 355 3
24 368 3
24 415 3
24 436 3
24 444 2
24 478 3
24 483 3
24 503 3
24 702 3
24 813 3
24 828 3
24 842 3
24 855 3
24 862 3
24 865 3
24 996 3
24 1085 3
24 1116 3
24 1140 2
24 1146 2
24 1177 2
24 1213 3
24 1221 3
24 1225 3
24 1232 3
24 1283 3
24 1305 3
24 1362 3
24 1364 3
24 1428 3
24 1435 3
24 1466 3
24 1650 2
24 1667 3
24 1729 3
24 1831 3
24 1840 3
24 1902 3
24 1939 3
24 1963 3
24 1965 3
24 1996 3
24 2086 3
24 2100 2
24 2220 3
24 2306 3
24 2337 3
24 2536 3
24 2624 3
24 2625 3
24 2627 3
24 2630 3
24 2637 3
24 2638 3
24 2639 3
24 2640 3
24 2643 3
24 2647 3
24 2648 3
24 2649 3
24 2650 3
24 2651 3
24 2652 1
24 2656 3
24 2661 3
24 2665 3
24 2666 3
24 2667 3
24 2668 3
24 2669 3
24 2671 3
24 2675 3
24 2676 3
24 2677 3
24 2678 3
24 2679 3
24 2680 3
24 2681 3
24 2684 3
24 2685 3
24 2686 3
24 2687 3
24 2688 3
24 2689 3
24 2691 3
24 2695 3
24 2698 3
24 2699 3
24 2700 3
24 2701 3
24 2702 3
24 2704 3
24 2706 3
24 2709 3
24 2712 3
24 2713 3
24 2714 3
24 2715 2
24 2718 3
24 2719 3
24 2720 3
24 2721 3
24 2722 3
24 2725 3
24 2726 3
24 2728 3
24 2729 3
24 2732 3
24 2734 3
24 2736 3
24 2738 3
24 2739 3
24 2740 3
24 2741 3
24 2742 2
24 2744 3
24 2746 3
24 2748 3
24 2750 3
24 2751 3
24 2752 3
24 2753 3
24 2759 2
24 2763 3
24 2764 3
24 2765 3
24 2766 3
24 2768 2
24 2769 3
24 2770 3
24 2771 3
24 2775 3
24 2777 2
24 2781 3
24 2785 3
24 2791 3
24 2792 3
24 2793 3
24 2795 2
24 2797 3
24 2800 3
24 2802 3
24 2806 2
24 2807 3
24 2808 3
24 2812 3
25 680 3
25 2815 3
26 467 2
26 528 3
26 639 3
26 911 3
26 2822 3
26 2823 3
26 2824 3
26 2826 3
26 2828 3
26 2831 3
26 2834 2
26 2835 3
26 2836 2
27 7 3
27 13 2
27 28 3
27 29 3
27 31 3
27 35 2
27 70 1
27 89 1
27 90 2
27 92 3
27 115 2
27 116 2
27 119 2
27 130 1
27 133 2
27 182 3
27 194 1
27 207 2
27 276 3
27 279 3
27 298 3
27 357 3
27 374 2
27 386 3
27 396 3
27 413 1
27 441 2
27 462 2
27 494 2
27 498 2
27 555 3
27 560 3
27 589 3
27 592 3
27 640 3
27 665 2
27 673 2
27 680 3
27 687 3
27 722 3
27 802 3
27 823 3
27 824 3
27 865 3
27 874 2
27 906 2
27 924 3
27 967 2
27 978 1
27 1040 1
27 1063 2
27 1106 2
27 1140 2
27 1193 2
27 1222 2
27 1225 1
27 1235 2
27 1242 3
27 1248 2
27 1267 3
27 1342 3
27 1346 3
27 1359 3
27 1476 3
27 1512 2
27 1553 3
27 1614 1
27 1626 3
27 1664 2
27 1771 3
27 1918 2
27 1965 2
27 1985 3
27 2012 3
27 2101 3
27 2134 3
27 2170 1
27 2172 3
27 2191 3
27 2261 3
27 2328 3
27 2347 3
27 2586 3
27 2622 2
27 2646 2
27 2732 2
27 2790 2
27 2825 3
27 2837 3
27 2841 3
27 2845 2
27 2848 1
27 2852 3
27 2853 3
27 2854 2
27 2856 3
27 2864 3
27 2866 3
27 2869 3
27 2872 2
27 2875 3
27 2878 3
27 2879 2
27 2882 2
27 2884 3
27 2885 3
27 2889 2
27 2891 3
27 2893 3
27 2895 3
27 2898 3
27 2899 3
27 2901 3
27 2902 3
27 2903 3
27 2905 3
27 2907 3
27 2908 3
27 2910 3
27 2912 3
27 2916 2
27 2917 3
27 2918 3
27 2921 2
27 2925 3
27 2928 2
27 2929 3
27 2930 1
27 2935 3
27 2938 1
27 2941 3
27 2946 3
27 2949 1
27 2952 3
27 2953 3
27 2954 3
27 2955 3
27 2956 3
27 2959 3
27 2960 3
27 2961 3
27 2963 3
27 2965 3
27 2970 3
27 2974 3
27 2978 2
27 2979 3
27 2983 3
27 2993 2
27 2994 2
27 2995 3
27 2996 2
27 2999 2
27 3001 3
27 3002 2
27 3003 3
27 3004 3
27 3006 3
27 3007 2
27 3008 2
27 3009 3
28 916 1
28 981 3
28 2058 1
28 3013 3
29 3027 3
29 3030 3
29 3043 3
29 3049 3
29 3051 3
29 3052 3
29 3053 3
29 3055 3
30 49 3
30 143 3
30 204 3
30 397 3
30 425 3
30 439 3
30 456 3
30 462 3
30 469 3
30 475 3
30 499 3
30 504 3
30 510 3
30 566 1
30 614 3
30 667 3
30 683 3
30 688 3
30 719 3
30 746 3
30 779 3
30 854 3
30 882 3
30 887 3
30 911 3
30 937 3
30 957 3
30 995 3
30 1061 3
30 1117 3
30 1147 3
30 1188 3
30 1194 3
30 1206 3
30 1257 3
30 1338 3
30 1343 3
30 1427 3
30 1447 3
30 1476 3
30 1568 3
30 1664 3
30 1779 2
30 1823 3
30 1867 3
30 1874 3
30 1879 3
30 1900 3
30 1925 3
30 1943 3
30 1949 3
30 1971 3
30 2009 3
30 2027 3
30 2030 3
30 2037 3
30 2047 3
30 2059 3
30 2104 2
30 2109 3
30 2157 3
30 2181 3
30 2183 3
30 2197 2
30 2411 3
30 2484 3
30 2549 3
30 2570 3
30 2615 1
30 2630 3
30 2650 3
30 2653 3
30 2665 3
30 2734 3
30 2804 3
30 2847 3
30 2901 3
30 3019 3
30 3057 3
30 3061 3
30 3064 3
30 3066 3
30 3067 3
30 3070 3
30 3072 3
30 3076 3
30 3080 2
30 3082 3
30 3083 3
30 3085 3
30 3087 3
30 3091 3
30 3093 3
30 3097 3
30 3100 3
30 3107 3
30 3108 3
30 3110 3
30 3111 3
30 3113 3
30 3116 3
30 3117 3
30 3119 3
30 3120 3
30 3122 3
30 3123 3
30 3124 3
30 3125 3
30 3126 3
30 3129 3
30 3130 3
30 3132 3
30 3134 3
30 3135 3
30 3143 2
30 3149 3
30 3150 3
30 3151 3
30 3159 3
30 3163 3
30 3164 3
30 3166 3
30 3168 3
30 3170 3
30 3173 3
30 3176 3
30 3177 2
30 3179 3
30 3180 3
30 3183 3
30 3184 3
30 3185 3
30 3189 3
30 3190 2
30 3192 3
30 3194 3
30 3196 3
30 3197 3
30 3200 3
30 3203 3
30 3205 3
30 3206 3
30 3208 3
30 3209 3
30 3211 3
30 3215 3
30 3217 3
30 3219 3
30 3220 3
30 3221 3
30 3222 3
30 3224 3
30 3225 3
30 3226 2
30 3230 3
30 3233 3
30 3234 3
30 3235 3
30 3236 3
30 3237 3
30 3242 3
30 3244 3
30 3245 3
30 3246 3
30 3249 3
30 3253 3
31 887 2
32 196 3
32 528 1
32 612 3
32 614 2
32 648 2
32 997 3
32 1802 3
32 3245 2
32 3255 3
32 3261 3
32 3262 3
32 3263 1
32 3265 3
32 3267 3
32 3270 3
32 3271 1
32 3275 2
32 3276 2
32 3277 3
32 3280 3
33 413 3
33 731 3
33 1197 2
33 1243 2
33 1246 3
33 1345 2
33 2548 3
33 3282 2
34 139 3
34 203 3
34 205 3
34 360 3
34 371 3
34 440 3
34 444 3
34 520 3
34 560 3
34 583 3
34 626 3
34 628 2
34 685 3
34 712 3
34 779 3
34 788 3
34 820 3
34 889 3
34 981 3
34 1061 2
34 1267 1
34 1392 3
34 2082 3
34 2152 3
34 2609 2
34 3284 2
34 3285 3
35 119 3
35 196 3
35 456 3
35 489 3
35 498 2
35 510 3
35 541 2
35 586 3
35 609 3
35 753 3
35 779 3
35 788 3
35 828 3
35 864 3
35 888 3
35 900 3
35 997 3
35 1040 3
35 1090 1
35 1092 3
35 1158 3
35 1267 3
35 1276 3
35 1322 3
35 1435 3
35 1495 1
35 1576 3
35 1747 3
35 1921 3
35 1925 3
35 1965 3
35 1992 3
35 2059 1
35 2066 3
35 2625 3
35 2959 3
35 2979 3
35 3287 3
35 3289 3
35 3296 3
35 3299 3
35 3306 2
35 3307 3
35 3309 3
35 3314 3
35 3318 2
35 3321 3
35 3326 3
35 3330 3
35 3336 3
35 3338 1
35 3349 3
35 3354 2
35 3361 1
36 182 3
36 572 3
36 1120 3
36 1140 3
36 3379 3
36 3380 3
36 3382 3
36 3383 3
37 748 3
38 11 3
38 34 3
38 157 3
38 195 3
38 218 3
38 232 3
38 264 3
38 301 3
38 311 3
38 371 3
38 440 3
38 444 3
38 553 3
38 669 3
38 692 3
38 716 3
38 721 3
38 722 3
38 748 3
38 813 3
38 950 3
38 986 3
38 1172 3
38 1181 3
38 1243 3
38 1281 3
38 1321 3
38 1353 3
38 1357 3
38 1365 2
38 1681 3
38 1825 2
38 1885 3
38 2101 3
38 2119 3
38 2242 3
38 2449 3
38 2609 3
38 2627 3
38 2925 3
38 3035 3
38 3270 3
38 3385 3
38 3387 2
38 3390 3
38 3396 3
38 3404 3
38 3406 3
38 3408 2
38 3412 3
38 3413 3
38 3414 3
38 3416 3
38 3419 3
38 3423 3
38 3424 3
38 3432 2
38 3436 3
38 3437 3
38 3442 3
38 3443 3
38 3444 3
38 3445 3
38 3447 2
39 567 1
39 677 1
39 864 1
39 955 1
39 1074 2
39 1221 1
39 1235 1
39 1916 1
39 3255 1
39 3449 1
39 3450 1
39 3451 1
39 3452 1
39 3453 1
39 3454 1
39 3455 1
40 153 3
40 243 3
40 512 3
40 543 2
40 563 1
40 806 3
40 1081 1
40 1235 3
40 1722 2
40 3275 2
40 3458 2
40 3460 2
41 147 3
41 3463 3
42 95 3
42 112 3
42 134 3
42 147 3
42 177 3
42 353 3
42 394 3
42 402 3
42 404 3
42 408 3
42 425 2
42 488 3
42 492 3
42 498 3
42 530 3
42 546 3
42 568 3
42 628 3
42 639 3
42 640 3
42 642 3
42 643 3
42 649 3
42 650 3
42 660 3
42 698 3
42 726 3
42 788 2
42 835 3
42 841 3
42 887 3
42 900 3
42 916 3
42 953 3
42 956 3
42 993 3
42 1063 3
42 1084 3
42 1089 3
42 1100 3
42 1206 3
42 1260 3
42 1330 3
42 1367 3
42 1378 3
42 1429 3
42 1440 3
42 1652 3
42 1698 3
42 1860 3
42 1904 3
42 1940 2
42 1985 3
42 1993 3
42 2023 3
42 2058 3
42 2082 3
42 2083 3
42 2092 3
42 2093 3
42 2111 3
42 2143 3
42 2401 3
42 2485 3
42 2569 3
42 2602 3
42 2609 3
42 2654 3
42 2774 3
42 2925 3
42 3066 3
42 3144 3
42 3188 3
42 3346 3
42 3352 3
42 3387 3
42 3449 3
42 3467 2
42 3468 3
42 3469 3
42 3480 3
42 3482 3
42 3483 3
42 3484 3
42 3485 3
42 3486 3
42 3488 2
42 3490 3
42 3505 3
42 3513 3
42 3520 3
42 3522 3
42 3524 3
42 3525 3
42 3528 3
42 3532 3
42 3533 3
42 3536 3
42 3537 3
42 3539 3
42 3557 3
42 3558 3
42 3566 3
42 3574 3
42 3578 3
42 3584 3
42 3587 3
42 3588 3
42 3593 3
42 3594 3
42 3595 3
42 3601 2
42 3602 3
42 3611 3
42 3612 3
42 3613 3
42 3615 3
42 3616 2
42 3617 2
42 3619 3
42 3622 3
42 3623 3
42 3624 3
42 3627 1
42 3629 3
42 3630 3
42 3632 3
42 3635 3
42 3636 2
42 3638 2
42 3639 3
42 3640 3
42 3641 3
42 3642 3
42 3644 3
42 3645 3
42 3653 3
42 3655 3
42 3660 1
42 3664 3
42 3673 3
42 3678 3
42 3687 3
42 3696 3
42 3699 3
42 3701 3
43 1209 3
43 2058 3
43 2298 3
43 3711 3
43 3776 3
47 62 3
47 102 3
47 116 3
47 122 3
47 124 2
47 143 2
47 486 3
47 494 3
47 498 3
47 500 3
47 509 3
47 514 3
47 528 3
47 529 2
47 566 3
47 609 2
47 641 3
47 660 3
47 684 3
47 827 3
47 880 3
47 916 3
47 930 3
47 942 2
47 1014 3
47 1032 1
47 1042 3
47 1071 3
47 1089 3
47 1094 3
47 1195 3
47 1253 3
47 1276 3
47 1278 3
47 1283 3
47 1315 3
47 1342 3
47 1453 2
47 1483 3
47 1495 1
47 1528 3
47 1598 3
47 1650 2
47 1688 2
47 1997 3
47 2008 3
47 2042 2
47 2044 3
47 2059 2
47 2066 2
47 2075 3
47 2106 3
47 2120 3
47 2131 1
47 2502 3
47 2609 3
47 2790 3
47 2834 2
47 2950 3
47 2961 3
47 3008 3
47 3270 3
47 3785 1
47 3791 3
47 3792 3
47 3798 3
47 3802 3
47 3803 3
47 3809 2
47 3810 3
47 3812 2
47 3815 3
47 3820 2
47 3821 3
47 3822 2
47 3824 3
47 3825 2
47 3826 3
47 3827 3
47 3829 1
47 3830 3
48 15 3
48 101 3
48 123 3
48 239 3
48 248 3
48 341 3
49 60 3
49 337 3
49 519 3
49 896 2
49 955 3
49 1406 3
49 1648 2
49 2678 3
49 3152 3
49 3307 3
49 3833 3
49 3834 1
49 3837 3
49 3839 3
49 3841 2
49 3843 3
49 3844 3
49 3846 3
49 3847 3
50 131 3
50 1916 3
50 3849 3
51 83 3
51 106 3
51 125 3
51 143 3
51 166 3
51 205 3
51 207 2
51 512 3
51 603 3
51 632 3
51 650 3
51 686 3
51 688 3
51 707 3
51 758 3
51 855 3
51 864 3
51 889 3
51 911 2
51 1071 3
51 1222 2
51 1260 3
51 1504 3
51 1508 2
51 1530 3
51 1802 3
51 1993 2
51 2045 3
51 2066 3
51 2903 3
51 3206 1
51 3223 3
51 3483 3
51 3615 3
51 3850 3
51 3851 2
51 3856 3
51 3857 3
51 3860 2
52 178 3
52 184 3
52 560 3
52 628 3
52 664 3
52 677 3
52 788 3
52 864 3
52 1119 3
52 1294 3
52 1449 3
52 1602 3
52 1605 3
52 1766 3
52 1802 3
52 1858 3
52 1969 3
52 2066 3
52 2106 3
52 2170 3
52 2609 3
52 2622 3
52 2823 3
52 2957 3
52 3206 3
52 3615 3
52 3862 3
52 3869 3
52 3870 3
52 3871 3
52 3875 3
52 3876 3
52 3877 3
52 3880 3
52 3881 3
52 3883 3
52 3887 3
52 3888 3
52 3889 3
52 3890 3
52 3892 3
52 3894 3
52 3895 3
52 3899 3
52 3901 3
52 3903 3
52 3906 3
52 3907 3
52 3908 3
52 3910 3
52 3911 3
52 3914 3
52 3915 3
52 3916 3
54 145 3
54 194 3
54 259 3
54 576 3
54 579 3
54 583 3
54 650 3
54 667 3
54 721 3
54 857 2
54 928 3
54 980 3
54 1040 3
54 1063 3
54 1147 3
54 1186 1
54 1239 3
54 1629 3
54 1650 2
54 1683 3
54 1706 3
54 1790 3
54 1927 3
54 2100 3
54 2656 3
54 2673 3
54 2744 3
54 2766 3
54 2830 3
54 2978 3
54 3184 3
54 3231 3
54 3280 3
54 3927 3
54 3930 3
54 3935 3
54 3936 3
54 3946 3
54 3947 3
54 3949 3
54 3950 3
54 3953 3
54 3954 3
54 3956 3
54 3961 3
54 3966 3
54 3967 3
54 3968 3
54 3974 3
54 3975 3
55 2609 2
56 1278 2
56 1649 2
56 1716 2
56 2862 2
56 3272 1
56 3982 3
58 32 3
58 68 3
58 85 3
58 104 3
58 124 3
58 143 3
58 186 3
58 194 3
58 222 3
58 240 3
58 277 3
58 309 3
58 343 3
58 354 3
58 386 2
58 425 3
58 469 3
58 476 3
58 477 2
58 487 3
58 494 3
58 500 3
58 514 3
58 543 3
58 555 3
58 564 3
58 566 3
58 628 3
58 640 3
58 641 3
58 705 2
58 707 2
58 779 3
58 839 3
58 852 3
58 889 3
58 896 3
58 910 3
58 913 3
58 915 3
58 916 3
58 997 3
58 1040 3
58 1042 3
58 1043 3
58 1062 3
58 1070 3
58 1074 3
58 1098 3
58 1111 3
58 1113 3
58 1192 3
58 1206 3
58 1221 3
58 1244 2
58 1249 3
58 1252 3
58 1267 2
58 1274 3
58 1276 3
58 1298 3
58 1302 3
58 1303 3
58 1334 3
58 1511 3
58 1519 3
58 1527 3
58 1530 3
58 1655 3
58 1683 3
58 1712 3
58 1724 3
58 1747 3
58 1757 2
58 1779 3
58 1891 3
58 1946 3
58 1955 3
58 1977 3
58 2002 2
58 2027 3
58 2053 3
58 2055 3
58 2059 3
58 2061 3
58 2091 2
58 2093 3
58 2100 3
58 2119 3
58 2137 3
58 2142 3
58 2177 3
58 2208 3
58 2480 3
58 2485 3
58 2826 3
58 2849 3
58 2908 3
58 2961 3
58 3021 3
58 3111 3
58 3125 2
58 3128 3
58 3152 3
58 3163 3
58 3166 2
58 3174 3
58 3177 3
58 3206 3
58 3207 3
58 3211 3
58 3216 3
58 3219 3
58 3229 3
58 3255 3
58 3274 3
58 3280 3
58 3281 3
58 3284 3
58 3307 3
58 3338 2
58 3461 3
58 3556 3
58 3711 3
58 3799 3
58 3802 3
58 3803 3
58 3806 3
58 3831 3
58 3890 2
58 3915 3
58 3916 3
58 3940 3
58 3942 3
58 3985 3
58 3986 3
58 3989 2
58 3990 3
58 3991 3
58 3997 3
58 3998 3
58 3999 2
58 4002 3
58 4004 2
58 4005 3
58 4006 3
58 4007 3
58 4008 3
58 4009 3
58 4010 3
58 4012 3
58 4013 3
58 4016 3
58 4018 3
58 4019 3
58 4020 2
58 4022 3
58 4024 3
58 4026 3
58 4028 2
58 4029 3
58 4030 2
58 4031 3
58 4032 3
58 4036 3
58 4037 3
58 4039 3
58 4043 3
58 4044 2
58 4045 3
58 4046 3
58 4047 3
58 4050 3
58 4051 3
58 4052 2
58 4053 2
58 4054 3
58 4055 3
58 4056 3
58 4057 2
58 4059 3
58 4060 3
58 4061 3
58 4064 3
58 4065 3
58 4066 3
58 4067 3
58 4068 2
58 4069 3
58 4070 3
58 4072 3
58 4073 2
58 4076 3
58 4077 3
58 4079 3
58 4080 3
58 4082 3
58 4083 3
58 4084 1
58 4085 3
58 4086 3
58 4087 3
58 4091 2
58 4092 2
58 4093 2
58 4094 2
58 4098 3
58 4099 3
58 4100 3
58 4101 3
58 4103 3
58 4109 3
58 4110 3
58 4111 2
58 4112 2
58 4113 3
58 4114 3
58 4116 3
59 153 3
59 520 3
59 546 1
59 721 3
59 774 1
59 796 3
59 851 3
59 855 2
59 915 3
59 990 3
59 1281 3
59 1289 3
59 1385 3
59 1820 3
59 1907 3
59 2615 1
59 4126 3
60 9 3
60 67 3
60 74 3
60 87 3
60 92 3
60 95 3
60 124 2
60 143 1
60 155 3
60 160 3
60 184 2
60 203 2
60 224 3
60 254 3
60 343 3
60 344 3
60 382 3
60 394 2
60 398 3
60 419 3
60 427 3
60 453 3
60 481 3
60 520 3
60 523 3
60 528 1
60 530 2
60 555 3
60 556 3
60 570 3
60 576 3
60 603 3
60 609 2
60 618 3
60 633 3
60 650 3
60 687 3
60 699 3
60 701 3
60 707 2
60 721 3
60 722 3
60 774 3
60 837 3
60 841 3
60 862 3
60 887 2
60 889 3
60 915 3
60 1055 1
60 1062 3
60 1063 3
60 1081 1
60 1094 1
60 1097 3
60 1158 1
60 1195 3
60 1239 3
60 1305 3
60 1308 3
60 1357 3
60 1385 2
60 1429 3
60 1435 3
60 1460 2
60 1469 2
60 1476 3
60 1504 2
60 1510 3
60 1534 3
60 1560 3
60 1649 3
60 1683 3
60 1684 3
60 1747 3
60 1856 2
60 1885 3
60 1934 3
60 2105 2
60 2114 2
60 2137 2
60 2164 2
60 2170 2
60 2546 3
60 2609 3
60 2615 3
60 2625 3
60 3077 3
60 3198 3
60 3350 2
60 3436 3
60 3655 3
60 3721 2
60 3738 3
60 3874 2
60 3893 3
60 3910 3
60 4127 3
60 4129 3
60 4133 3
60 4135 3
60 4136 3
60 4143 3
60 4146 3
60 4147 3
60 4151 2
60 4152 3
60 4155 3
60 4156 3
60 4158 2
60 4160 2
60 4161 3
60 4162 3
60 4163 3
61 45 3
61 59 3
61 68 3
61 86 3
61 104 3
61 116 3
61 122 3
61 186 3
61 230 3
61 272 3
61 303 3
61 358 3
61 397 3
61 413 3
61 417 3
61 418 3
61 446 3
61 454 3
61 539 3
61 664 3
61 673 3
61 677 3
61 685 3
61 687 3
61 695 3
61 721 3
61 758 3
61 759 3
61 818 3
61 825 3
61 833 3
61 835 3
61 837 3
61 865 3
61 953 3
61 955 3
61 999 3
61 1023 3
61 1027 3
61 1183 3
61 1203 3
61 1222 3
61 1264 3
61 1281 3
61 1321 3
61 1347 3
61 1362 3
61 1383 3
61 1386 3
61 1459 3
61 1460 3
61 1491 3
61 1549 3
61 1622 3
61 1655 3
61 1813 3
61 1820 3
61 1905 3
61 1927 3
61 1967 3
61 2010 3
61 2030 3
61 2055 3
61 2056 3
61 2068 3
61 2078 3
61 2089 3
61 2585 3
61 2628 3
61 2629 3
61 2734 3
61 2920 3
61 2932 3
61 3065 3
61 3080 3
61 3116 3
61 3123 3
61 3131 3
61 3136 3
61 3157 3
61 3178 3
61 3185 3
61 3249 3
61 3253 2
61 3307 3
61 3441 3
61 3468 3
61 3619 3
61 3640 3
61 3865 3
61 4006 3
61 4164 3
61 4166 3
61 4167 3
61 4168 3
61 4170 3
61 4173 3
61 4176 3
61 4178 3
61 4180 3
61 4181 3
61 4183 3
61 4186 3
61 4187 3
61 4188 3
61 4192 3
61 4193 3
61 4194 3
61 4195 3
61 4196 3
61 4197 3
61 4201 3
61 4202 2
61 4203 3
61 4204 3
61 4206 3
61 4208 3
61 4209 3
61 4211 3
61 4212 3
61 4217 3
61 4220 3
61 4222 3
62 353 3
62 3120 3
63 297 3
63 423 3
63 519 2
63 522 2
63 802 2
63 897 2
63 905 3
63 1182 3
63 1275 2
63 1767 3
63 2069 2
63 3543 3
63 3744 3
63 3884 2
63 4224 2
63 4225 3
63 4226 3
63 4227 3
63 4232 3
63 4233 3
63 4236 3
63 4237 3
64 129 3
64 166 3
64 519 3
64 563 2
64 907 3
64 925 3
64 1062 3
64 1951 3
64 2069 3
64 2082 3
64 2282 3
64 2399 3
64 2908 3
64 2973 3
64 3201 3
64 3762 3
64 3826 3
64 3892 3
64 4232 3
64 4244 3
64 4250 3
64 4254 3
64 4255 3
64 4256 3
64 4261 2
64 4264 3
64 4266 3
64 4267 3
64 4270 3
65 9 3
65 31 3
65 60 3
65 116 3
65 177 3
65 193 3
65 263 3
65 337 3
65 435 3
65 472 3
65 562 3
65 579 3
65 614 3
65 647 3
65 670 3
65 752 2
65 802 3
65 827 3
65 842 3
65 854 2
65 862 3
65 878 3
65 896 3
65 952 3
65 1007 3
65 1094 3
65 1101 3
65 1111 3
65 1126 3
65 1180 2
65 1210 3
65 1230 3
65 1402 3
65 1418 2
65 1424 3
65 1453 3
65 1467 2
65 1492 2
65 1494 2
65 1496 3
65 1500 3
65 1601 3
65 1609 1
65 1650 3
65 1651 2
65 1652 2
65 1688 2
65 1752 3
65 1790 2
65 1891 2
65 1955 2
65 1974 3
65 2093 3
65 2298 3
65 2326 3
65 2561 3
65 2582 3
65 2622 3
65 2667 3
65 2742 3
65 2768 3
65 2801 2
65 2809 3
65 2822 3
65 2862 3
65 2888 3
65 2943 3
65 2949 3
65 2990 3
65 3013 3
65 3019 3
65 3143 3
65 3223 3
65 3448 3
65 3499 2
65 3738 3
65 3872 3
65 3873 2
65 3875 3
65 3893 3
65 3897 3
65 3940 3
65 3979 3
65 4096 3
65 4203 3
65 4256 3
65 4270 3
65 4271 3
65 4273 3
65 4277 3
65 4278 3
65 4279 3
65 4280 2
65 4289 3
65 4290 3
65 4294 3
65 4296 3
65 4297 2
65 4302 3
65 4303 3
65 4307 3
65 4308 2
65 4310 3
65 4312 3
65 4319 3
65 4324 3
65 4329 2
65 4330 3
65 4342 3
65 4344 3
65 4347 3
65 4348 3
65 4349 3
65 4350 3
65 4355 3
65 4358 3
65 4361 3
65 4363 3
65 4366 3
65 4368 3
65 4371 3
65 4373 3
65 4374 3
65 4375 1
65 4379 3
65 4380 3
65 4383 3
65 4384 3
65 4385 2
65 4386 2
65 4389 3
65 4390 3
65 4392 2
65 4394 3
65 4396 3
65 4406 3
65 4407 3
65 4409 3
65 4410 3
65 4415 3
65 4418 3
65 4419 3
65 4421 2
65 4425 2
65 4426 2
65 4429 3
65 4432 3
65 4433 3
65 4435 3
65 4437 3
65 4438 2
65 4439 3
65 4441 3
65 4449 3
65 4450 3
65 4456 2
65 4457 3
65 4459 3
65 4463 3
66 1 3
66 2 3
66 18 3
66 51 3
66 62 3
66 78 3
66 95 3
66 115 3
66 142 3
66 157 3
66 161 3
66 166 3
66 169 3
66 189 3
66 203 2
66 204 3
66 207 1
66 218 3
66 222 2
66 224 3
66 249 3
66 269 3
66 284 3
66 301 3
66 305 3
66 355 3
66 398 3
66 413 2
66 549 3
66 661 3
66 680 3
66 685 3
66 704 3
66 715 3
66 722 3
66 752 3
66 756 3
66 764 3
66 997 3
66 1081 3
66 1183 3
66 1185 3
66 1187 3
66 1210 3
66 1239 3
66 1246 3
66 1281 3
66 1339 2
66 1352 3
66 1392 3
66 1717 3
66 1732 3
66 1761 3
66 1900 3
66 1949 3
66 1955 1
66 2010 3
66 2100 3
66 2120 2
66 2174 3
66 2198 3
66 2220 3
66 2458 3
66 2627 2
66 2732 3
66 2816 3
66 2847 3
66 2864 3
66 2908 3
66 2937 3
66 3091 3
66 3124 3
66 3136 3
66 3145 3
66 3170 3
66 3215 3
66 3433 3
66 3437 1
66 3441 3
66 3451 3
66 3708 3
66 3862 3
66 4179 3
66 4224 3
66 4271 3
66 4314 3
66 4344 3
66 4417 3
66 4465 3
66 4466 2
66 4469 3
66 4470 3
66 4472 2
66 4474 1
66 4481 3
66 4486 3
66 4487 3
66 4488 1
66 4489 3
66 4490 3
66 4493 2
66 4495 3
66 4496 3
66 4500 3
66 4501 3
66 4504 3
66 4505 1
66 4507 3
66 4517 3
66 4518 3
66 4523 3
66 4524 3
66 4528 3
66 4529 3
66 4531 3
66 4532 2
66 4533 3
66 4534 1
66 4535 3
66 4536 2
66 4538 2
66 4539 3
66 4542 3
66 4543 1
66 4545 3
66 4550 3
66 4551 3
66 4553 2
66 4554 2
66 4555 3
66 4564 3
66 4566 2
66 4567 3
66 4569 3
66 4570 2
67 758 1
67 818 2
67 1196 2
67 1339 1
67 1925 1
67 2171 3
67 2366 1
67 2417 2
67 3721 1
67 4574 3
67 4578 3
67 4581 3
68 9 3
68 54 3
68 87 3
68 95 3
68 162 3
68 200 3
68 204 3
68 219 3
68 221 3
68 247 3
68 276 3
68 319 3
68 342 3
68 374 3
68 398 3
68 413 3
68 415 3
68 503 3
68 539 3
68 660 3
68 680 3
68 704 3
68 736 3
68 748 2
68 779 1
68 904 3
68 1091 3
68 1196 3
68 1226 3
68 1235 3
68 1249 3
68 1359 3
68 1629 2
68 1790 1
68 1891 3
68 1906 3
68 2040 3
68 2137 3
68 2207 3
68 2477 3
68 2491 3
68 2604 3
68 2862 3
68 3151 3
68 3234 3
68 3272 3
68 3344 3
68 3386 3
68 3721 3
68 3862 3
68 4181 3
68 4582 1
68 4584 3
68 4586 3
68 4587 3
68 4588 3
68 4590 3
68 4595 3
68 4596 3
68 4597 2
68 4598 3
68 4604 2
68 4610 3
68 4611 3
68 4612 3
68 4613 3
68 4614 2
68 4618 2
68 4621 3
68 4622 3
68 4624 2
68 4629 3
69 139 3
69 181 3
69 183 3
69 185 2
69 355 3
69 413 2
69 414 3
69 432 3
69 451 3
69 457 3
69 495 3
69 520 2
69 546 1
69 570 3
69 575 3
69 576 3
69 579 3
69 580 3
69 665 3
69 694 3
69 779 3
69 795 2
69 889 2
69 914 3
69 1027 3
69 1074 3
69 1137 1
69 1235 3
69 1267 3
69 1286 3
69 1471 2
69 1492 1
69 1560 3
69 1618 3
69 1619 3
69 1675 3
69 1759 2
69 1766 3
69 1940 3
69 2059 2
69 2066 3
69 2114 3
69 2188 3
69 2667 3
69 2717 3
69 2899 3
69 2947 3
69 3305 3
69 4043 3
69 4044 3
69 4152 3
69 4374 3
69 4630 3
69 4636 3
69 4638 2
69 4639 3
69 4640 3
69 4643 3
69 4646 1
69 4647 3
69 4648 2
69 4650 3
69 4651 2
69 4653 3
69 4655 3
69 4656 3
69 4659 3
69 4660 3
69 4662 2
69 4665 3
69 4668 3
70 413 2
70 699 3
70 1232 3
70 1239 3
70 1652 3
70 3159 3
70 3265 3
70 4670 3
70 4671 2
70 4673 3
71 13 3
71 37 3
71 41 3
71 45 3
71 46 3
71 74 3
71 89 3
71 100 3
71 102 3
71 105 3
71 113 3
71 116 3
71 153 3
71 177 3
71 184 3
71 187 3
71 188 3
71 191 3
71 192 3
71 194 3
71 196 3
71 199 3
71 200 3
71 204 3
71 207 2
71 218 3
71 221 3
71 224 3
71 228 3
71 240 3
71 253 3
71 290 3
71 312 3
71 365 3
71 376 2
71 379 3
71 388 3
71 397 3
71 400 3
71 417 3
71 421 3
71 423 3
71 431 3
71 447 3
71 456 3
71 476 3
71 494 3
71 496 3
71 498 3
71 500 3
71 504 3
71 510 3
71 514 3
71 520 3
71 533 3
71 538 3
71 540 3
71 552 3
71 555 3
71 563 3
71 577 3
71 579 3
71 584 3
71 586 3
71 591 3
71 596 3
71 603 3
71 609 3
71 620 3
71 640 3
71 650 3
71 653 3
71 668 3
71 670 3
71 673 3
71 677 2
71 683 3
71 684 3
71 695 3
71 703 3
71 715 3
71 742 3
71 757 3
71 758 3
71 759 3
71 824 3
71 825 3
71 833 3
71 842 3
71 843 3
71 851 3
71 862 3
71 896 3
71 901 3
71 906 3
71 913 3
71 914 3
71 942 3
71 957 3
71 958 3
71 969 3
71 974 3
71 983 3
71 988 3
71 995 3
71 1006 3
71 1021 3
71 1042 3
71 1043 3
71 1055 3
71 1058 3
71 1061 3
71 1068 3
71 1081 3
71 1094 3
71 1096 3
71 1099 3
71 1139 3
71 1147 3
71 1160 3
71 1172 3
71 1182 3
71 1188 3
71 1195 3
71 1222 3
71 1256 3
71 1257 3
71 1259 3
71 1262 3
71 1281 3
71 1295 3
71 1298 3
71 1302 3
71 1303 3
71 1352 3
71 1359 3
71 1385 2
71 1387 3
71 1392 3
71 1402 3
71 1407 3
71 1424 3
71 1435 3
71 1450 2
71 1463 3
71 1467 2
71 1476 3
71 1504 3
71 1571 3
71 1573 3
71 1578 3
71 1605 3
71 1618 3
71 1619 3
71 1620 3
71 1629 3
71 1639 3
71 1648 3
71 1649 3
71 1681 3
71 1683 3
71 1698 3
71 1726 3
71 1743 3
71 1820 3
71 1828 3
71 1887 3
71 1893 3
71 1906 3
71 1916 3
71 1923 3
71 1951 3
71 1969 3
71 2056 3
71 2057 3
71 2066 3
71 2082 3
71 2106 3
71 2112 3
71 2147 3
71 2148 3
71 2172 3
71 2177 3
71 2178 3
71 2188 3
71 2196 3
71 2208 2
71 2396 3
71 2407 3
71 2430 3
71 2477 2
71 2609 2
71 2610 3
71 2622 3
71 2630 3
71 2653 3
71 2670 3
71 2712 2
71 2724 3
71 2732 2
71 2743 3
71 2802 3
71 2814 3
71 2837 3
71 2839 2
71 2847 3
71 2884 3
71 2890 3
71 2925 3
71 2948 3
71 2973 3
71 3008 3
71 3057 2
71 3061 2
71 3113 3
71 3120 3
71 3131 3
71 3136 3
71 3152 3
71 3158 3
71 3184 3
71 3202 3
71 3231 3
71 3245 3
71 3255 3
71 3265 3
71 3267 3
71 3283 3
71 3287 3
71 3348 3
71 3453 3
71 3456 3
71 3468 3
71 3504 3
71 3574 3
71 3614 3
71 3619 3
71 3622 3
71 3636 2
71 3655 3
71 3783 3
71 3812 2
71 3816 3
71 3833 3
71 3868 3
71 3892 3
71 3931 3
71 4051 2
71 4108 3
71 4120 3
71 4122 3
71 4123 3
71 4144 2
71 4181 3
71 4308 3
71 4314 3
71 4320 3
71 4398 3
71 4433 3
71 4480 3
71 4492 3
71 4526 3
71 4676 3
71 4677 3
71 4680 3
71 4681 3
71 4682 3
71 4684 3
71 4686 2
71 4687 3
71 4688 2
71 4689 3
71 4690 3
71 4694 3
71 4697 3
71 4699 3
71 4700 3
71 4701 3
71 4702 3
71 4703 3
71 4705 3
71 4706 3
71 4708 2
71 4711 2
71 4712 3
71 4713 3
71 4714 3
71 4716 3
71 4717 3
71 4719 3
71 4720 3
71 4722 3
71 4728 3
71 4729 3
71 4732 3
71 4733 3
71 4734 3
71 4737 3
71 4739 3
71 4740 2
71 4742 3
71 4743 3
71 4746 3
71 4748 3
71 4749 3
71 4760 3
71 4762 3
71 4767 3
71 4768 3
71 4772 3
71 4773 3
71 4774 3
71 4775 3
71 4776 2
71 4777 3
71 4778 3
71 4779 3
71 4780 3
71 4781 3
71 4785 3
71 4796 3
71 4797 3
71 4798 2
71 4799 3
71 4800 3
71 4801 3
71 4802 3
71 4803 3
71 4804 3
71 4807 3
71 4811 3
71 4814 3
71 4815 3
71 4817 3
71 4818 3
71 4820 3
71 4821 3
71 4824 3
71 4827 3
71 4828 3
71 4829 3
71 4830 3
71 4835 3
71 4837 2
71 4839 3
71 4842 3
71 4848 3
71 4849 3
71 4851 3
71 4856 3
71 4858 3
71 4860 3
71 4861 3
71 4862 3
71 4863 2
71 4864 3
71 4867 3
72 13 2
72 14 3
72 45 3
72 59 2
72 60 3
72 73 2
72 87 3
72 94 1
72 97 3
72 101 3
72 102 3
72 143 3
72 177 3
72 184 1
72 191 3
72 227 1
72 274 3
72 302 3
72 335 3
72 376 3
72 379 3
72 388 3
72 413 1
72 423 3
72 444 3
72 479 2
72 481 3
72 493 3
72 498 2
72 529 3
72 540 3
72 576 3
72 583 3
72 626 3
72 650 3
72 668 3
72 669 3
72 680 3
72 721 3
72 731 3
72 764 3
72 825 2
72 870 2
72 884 3
72 899 3
72 921 2
72 922 3
72 942 3
72 964 2
72 969 3
72 1055 3
72 1137 3
72 1158 3
72 1197 3
72 1204 3
72 1222 3
72 1240 3
72 1260 3
72 1267 2
72 1276 3
72 1335 2
72 1378 3
72 1629 2
72 1650 1
72 1660 3
72 1830 2
72 1926 3
72 1940 3
72 1947 3
72 1993 3
72 2058 3
72 2066 2
72 2082 3
72 2098 3
72 2114 3
72 2120 3
72 2134 3
72 2153 3
72 2485 2
72 2630 3
72 2672 2
72 2704 3
72 2839 3
72 2842 3
72 2854 3
72 3257 3
72 3265 3
72 3426 1
72 3746 3
72 3809 3
72 3812 2
72 3855 2
72 4006 2
72 4650 2
72 4869 3
72 4871 3
72 4873 3
72 4877 3
72 4880 3
72 4882 3
72 4883 1
72 4886 3
72 4887 1
72 4888 3
72 4891 3
72 4893 3
72 4896 3
73 0 3
73 34 3
73 44 3
73 65 3
73 85 3
73 90 3
73 176 3
73 201 3
73 203 3
73 211 3
73 217 1
73 219 3
73 322 3
73 345 3
73 360 3
73 364 3
73 385 3
73 701 3
73 764 3
73 817 3
73 818 3
73 1183 3
73 1450 3
73 1814 3
73 1837 3
73 1940 3
73 1972 3
73 2119 3
73 3451 3
73 3499 3
73 3990 2
73 4897 2
73 4898 3
74 8 3
74 44 3
74 60 3
74 116 3
74 143 3
74 149 3
74 155 3
74 160 3
74 161 3
74 164 3
74 176 3
74 184 3
74 263 3
74 269 3
74 304 3
74 395 3
74 404 3
74 427 3
74 431 2
74 457 3
74 472 3
74 505 2
74 518 3
74 524 3
74 555 3
74 560 3
74 561 3
74 592 2
74 628 2
74 651 3
74 688 3
74 699 2
74 707 2
74 721 3
74 722 3
74 752 3
74 766 3
74 779 3
74 783 3
74 836 3
74 837 3
74 842 3
74 865 3
74 870 3
74 887 2
74 897 3
74 932 3
74 964 3
74 1008 3
74 1013 3
74 1018 3
74 1040 3
74 1042 3
74 1055 3
74 1068 2
74 1091 3
74 1177 3
74 1215 3
74 1221 3
74 1278 3
74 1280 2
74 1323 3
74 1336 3
74 1353 3
74 1441 3
74 1471 3
74 1517 2
74 1560 3
74 1683 3
74 1767 3
74 1813 3
74 1826 3
74 1839 3
74 1965 3
74 2033 1
74 2042 2
74 2087 3
74 2114 3
74 2183 3
74 2193 3
74 2609 2
74 2625 3
74 2653 3
74 2656 3
74 2707 3
74 2742 3
74 2809 3
74 2839 3
74 2975 3
74 2991 3
74 3013 3
74 3086 3
74 3103 2
74 3114 3
74 3198 3
74 3655 3
74 3845 3
74 3875 3
74 3979 2
74 4055 3
74 4096 3
74 4298 3
74 4468 3
74 4583 3
74 4610 3
74 4673 3
74 4901 3
74 4902 2
74 4903 2
74 4907 3
74 4910 3
74 4911 2
74 4916 2
74 4917 3
74 4920 3
74 4923 2
74 4926 3
74 4927 3
74 4930 3
74 4939 3
74 4940 3
74 4942 2
74 4944 3
74 4949 3
74 4951 3
74 4955 3
74 4963 3
74 4966 3
74 4969 3
74 4973 2
74 4975 3
74 4976 3
74 4977 3
74 4978 3
74 4979 3
74 4981 3
74 4983 3
74 4985 3
74 4987 2
74 4988 3
74 4989 3
74 4992 3
74 4995 3
74 4998 3
74 5001 3
74 5003 3
74 5005 3
74 5007 3
74 5009 3
74 5010 3
74 5011 3
74 5012 2
74 5021 3
74 5028 1
74 5031 3
74 5033 3
74 5035 3
74 5038 3
74 5043 3
74 5044 2
74 5045 1
74 5046 3
74 5051 3
75 18 3
75 131 3
75 153 2
75 228 3
75 343 3
75 355 3
75 360 3
75 862 3
75 915 3
75 1172 3
75 1187 3
75 1802 3
75 2328 3
75 2428 3
75 2981 3
75 3699 3
75 5059 3
75 5064 3
76 0 3
76 2 3
76 8 3
76 12 3
76 18 3
76 26 3
76 31 3
76 32 3
76 34 3
76 38 3
76 39 3
76 41 3
76 44 3
76 51 3
76 60 2
76 64 3
76 65 3
76 68 3
76 72 3
76 84 3
76 85 2
76 87 3
76 92 3
76 94 3
76 98 3
76 102 3
76 103 3
76 104 2
76 106 3
76 111 3
76 114 3
76 122 3
76 124 3
76 126 3
76 130 3
76 139 3
76 140 3
76 141 3
76 142 3
76 157 3
76 174 3
76 176 3
76 186 3
76 201 3
76 203 3
76 209 3
76 217 2
76 219 2
76 220 3
76 227 3