1 1 2
2 13 2
3 14 0.5
3 15 1
3 21 1.5
3 22 2
3 25 1.5
3 26 1
3 32 2
3 36 2
3 37 2
3 38 2
3 42 0.5
3 46 1
3 51 0.5
3 57 0.5
3 61 0.5
3 63 1.5
3 65 0.5
3 6 0.5
3 73 0.5
3 76 0.5
3 79 2
3 81 2
3 89 0.5
3 91 1
3 93 1
3 100 0.5
3 104 2
3 108 0.5
3 113 1
3 116 1
3 119 2
3 121 2
3 122 2
3 127 0.5
3 128 0.5
3 137 1
3 138 1.5
3 143 1.5
3 146 1.5
3 150 2
3 153 2
3 154 1.5
3 156 1.5
3 157 1.5
3 159 1.5
3 170 2
3 171 1
3 172 0.5
3 173 2
3 175 1
3 183 2
3 184 1
3 195 1.5
3 196 1.5
3 200 1
4 207 2
4 17 0.5
7 1 1
7 213 1.5
7 214 1.5
7 3 0.5
7 13 2
10 213 0.5
12 84 1.5
13 221 1.5
13 224 0.5
13 225 0.5
13 229 0.5
13 231 0.5
14 205 0.5
14 235 0.5
14 207 0.5
16 236 2
17 237 2
19 238 2
20 207 2
21 7 2
23 219 2
25 214 2
25 249 2
25 246 2
25 9 2
25 241 1
25 212 2
25 217 2
25 239 2
25 220 0.5
25 12 1.5
25 10 2
25 235 1.5
26 260 1
26 214 0.5
27 255 1.5
27 1 1
27 234 2
27 13 2
27 3 1
27 216 2
27 252 1.5
27 2 1
27 219 1
27 263 2
27 239 1.5
27 215 0.5
27 7 1
28 254 2
28 216 2
28 3 2
28 1 2
28 246 2
28 10 1.5
28 11 2
28 244 2
28 217 2
28 6 2
29 266 0.5
29 267 0.5
29 277 0.5
29 280 0.5
29 283 2
29 59 0.5
29 296 0.5
29 304 0.5
30 244 1.5
30 5 0.5
30 241 2
30 6 1
30 234 0.5
30 207 0.5
30 249 1
30 7 0.5
30 246 0.5
30 206 0.5
30 247 0.5
30 213 1.5
30 2 0.5
30 210 0.5
30 233 0.5
30 215 2
30 253 1.5
30 220 0.5
30 214 1
30 217 1.5
30 243 2
30 211 1.5
30 255 0.5
30 212 0.5
30 245 1
31 213 2
33 206 1
33 1 1.5
33 235 2
34 257 2
34 4 2
34 205 2
34 12 2
34 2 2
35 7 2
37 235 2
38 251 1
38 255 1
38 249 1
38 6 1
38 239 0.5
38 250 1
38 217 1.5
38 84 2
38 244 0.5
38 234 1
38 246 1
38 245 1
38 254 0.5
38 207 0.5
38 233 1
38 252 2
38 11 1.5
38 213 0.5
38 241 1.5
38 256 0.5
38 13 2
38 5 1.5
38 7 1
38 206 1
38 257 1.5
38 10 1.5
38 220 0.5
38 2 0.5
38 4 1
38 235 2
38 210 1
38 243 0.5
38 248 1
38 12 2
38 205 1
38 121 1
38 216 1
38 247 1.5
40 235 1.5
41 10 2
42 278 0.5
43 213 1.5
43 10 2
43 3 1.5
44 215 1.5
45 216 2
45 11 1
45 4 1.5
45 13 1.5
51 317 2
51 318 2
51 319 1
51 323 0.5
51 326 0.5
51 327 1
51 330 0.5
51 332 1.5
51 333 0.5
53 245 2
56 2 1
56 121 0.5
56 148 0.5
56 243 1
56 236 1.5
56 207 0.5
56 10 0.5
56 234 0.5
56 13 1.5
56 250 1
56 213 0.5
57 17 1.5
58 239 0.5
58 257 1
58 212 1
60 8 0.5
60 318 1
61 213 2
61 10 1.5
61 5 2
61 7 2
61 207 1
61 211 2
61 234 2
64 212 2
64 244 2
64 257 2
64 247 2
64 253 2
65 207 1.5
65 3 2
66 7 1.5
66 207 2
66 235 2
67 245 2
69 2 1
69 17 1.5
72 257 0.5
72 11 2
73 243 0.5
78 183 1
78 352 1
78 354 0.5
78 359 1.5
78 364 0.5
78 375 2
78 378 1
78 381 0.5
78 382 0.5
78 383 2
79 385 0.5
79 386 2
79 387 0.5
79 8 0.5
79 392 1.5
79 395 1
79 248 1.5
79 397 1
79 309 0.5
79 404 0.5
79 407 0.5
79 410 1.5
79 413 1
79 237 1
79 212 0.5
79 172 1
79 416 1
79 418 0.5
79 419 2
79 420 1
79 422 1.5
79 424 1.5
79 426 2
79 430 1.5
79 243 0.5
79 431 1.5
79 218 1.5
79 432 1
79 434 1
79 437 1
79 438 2
79 439 1.5
79 440 2
79 361 1.5
79 318 0.5
79 449 2
79 450 1.5
79 455 2
79 215 1
79 457 1
79 459 0.5
79 461 2
79 463 1
79 468 2
79 469 2
79 470 1.5
79 474 1.5
79 476 1.5
79 481 2
79 483 1.5
79 273 2
79 304 2
79 347 2
79 485 1.5
79 486 1.5
79 491 1
79 492 2
79 493 0.5
79 494 1
79 495 1.5
79 496 1
79 498 1.5
79 501 1.5
79 504 0.5
79 121 1.5
79 505 1.5
79 506 1.5
79 251 1.5
79 507 1
79 509 1
79 510 1
79 511 2
79 517 1.5
79 518 0.5
81 523 1.5
81 489 1
81 435 1.5
81 528 1
81 531 1.5
81 533 1
81 249 2
81 11 1.5
81 535 0.5
81 536 0.5
81 538 1.5
81 540 2
81 542 2
81 544 2
81 548 1
81 550 1.5
82 207 2
82 236 0.5
83 241 2
83 243 1.5
83 210 2
83 253 2
83 8 1
86 220 0.5
86 235 1.5
87 207 2
87 205 1.5
87 239 1
88 1 2
88 5 1.5
88 10 2
91 211 2
91 352 1.5
91 553 2
91 12 1.5
91 254 2
91 6 2
91 559 2
91 216 2
91 568 1.5
91 575 1.5
92 13 2
92 211 2
92 216 1.5
92 4 2
92 12 1.5
92 10 2
92 2 1.5
93 12 2
94 7 2
95 577 2
95 211 0.5
96 220 1.5
96 252 1.5
96 581 2
96 217 2
96 7 1.5
96 251 1
96 13 2
96 235 1.5
96 205 2
96 84 2
96 212 2
96 9 2
97 248 1.5
97 235 2
97 252 1.5
97 244 2
97 245 2
97 241 1
97 243 1.5
97 210 2
97 253 1
97 234 2
97 10 2
97 251 2
97 1 0.5
97 217 1.5
97 216 1.5
98 582 2
98 522 2
98 257 1
98 594 1
98 236 1
99 233 2
99 215 1
99 216 1
99 10 2
99 12 2
99 241 2
99 207 1.5
104 10 2
104 12 2
104 236 2
106 17 2
106 207 2
106 8 1
107 205 0.5
111 244 0.5
111 210 1
111 13 2
111 5 0.5
111 213 0.5
111 252 2
111 241 1
111 246 1.5
111 4 1.5
111 220 1
111 239 1
111 256 2
111 3 0.5
111 17 1.5
111 2 0.5
111 255 1
111 214 0.5
111 245 1
111 207 2
111 251 1
111 235 0.5
111 253 1.5
111 219 1.5
111 250 1.5
111 1 1
111 6 1.5
111 11 1.5
111 249 2
111 257 1.5
111 84 2
112 389 1
112 247 2
112 252 0.5
112 207 0.5
112 244 1
112 607 2
112 608 1
112 214 2
112 609 1.5
112 235 1
114 207 2
114 253 2
114 233 1
114 257 1.5
114 205 1
114 219 1
114 211 2
114 255 1
114 215 2
114 11 2
115 7 2
115 17 2
115 12 2
118 1 2
119 207 2
120 205 2
121 220 2
121 243 2
122 217 1
122 220 1.5
122 236 2
122 7 1.5
122 10 0.5
122 207 0.5
122 1 1
122 246 2
122 254 1.5
123 257 0.5
123 241 1.5
123 1 1.5
123 207 1
123 4 2
123 235 0.5
124 214 1.5
124 212 2
124 234 2
124 246 1
124 9 2
124 220 2
124 216 1
124 252 1
124 219 2
124 6 0.5
124 248 1.5
124 239 2
124 7 1
124 247 1
124 4 1.5
124 233 1.5
124 257 2
124 5 0.5
124 215 2
124 211 2
124 235 2
124 205 1
124 213 2
124 255 1.5
125 219 2
126 211 1.5
126 239 2
126 548 2
126 7 2
126 207 1.5
127 213 1
127 3 1.5
127 11 2
127 2 1.5
127 1 1.5
127 10 2
128 252 2
128 246 1.5
128 12 1.5
128 6 2
128 235 2
128 213 2
128 4 2
128 257 1
128 247 1.5
128 214 2
128 243 1
128 17 1.5
128 248 1.5
128 210 1
128 1 1.5
128 220 2
128 256 2
128 212 1
128 245 1.5
128 244 1.5
128 211 1.5
128 216 2
128 13 1.5
128 84 1.5
128 249 1.5
128 250 1.5
130 220 0.5
130 235 1.5
133 234 2
134 241 2
136 631 1
137 250 2
137 257 2
137 234 2
138 6 2
138 244 2
138 233 2
138 252 2
138 241 2
138 206 2
138 246 2
138 256 2
138 214 2
138 220 2
138 245 2
138 234 2
138 207 2
138 251 2
138 253 2
138 211 1
138 247 2
138 2 2
142 7 2
142 12 1
144 419 2
144 352 2
145 257 1
145 207 2
146 253 1
146 244 1
146 257 2
146 214 0.5
146 121 2
146 252 0.5
147 234 2
147 249 2
147 250 1
147 254 2
147 121 1.5
147 241 2
147 210 2
147 219 2
147 212 2
147 248 2
147 239 1.5
147 253 2
147 243 1.5
147 244 2
147 247 2
147 251 2
147 3 2
147 256 2
147 205 1.5
148 12 2
150 12 2
151 1 2
151 236 2
152 210 2
152 241 1
152 17 1.5
152 207 1.5
152 205 1.5
152 10 2
155 241 0.5
155 236 2
155 248 1.5
155 12 1
155 121 2
155 251 1
155 239 1.5
155 250 2
155 217 1.5
155 210 1
155 219 0.5
155 234 1
155 253 2
155 246 1
155 216 1.5
155 244 0.5
155 252 1
155 8 1.5
155 5 2
155 206 2
155 7 0.5
155 10 1
155 220 1.5
155 213 2
156 245 1.5
156 255 2
156 212 2
156 252 0.5
156 6 1.5
156 234 2
156 216 2
156 84 1.5
156 207 2
156 251 2
156 249 2
156 235 1.5
156 250 1.5
156 219 1.5
156 4 2
156 7 1.5
156 206 2
156 257 2
156 247 2
156 17 2
156 248 2
156 233 1
156 215 2
156 3 1.5
156 220 0.5
156 256 2
159 12 1
159 241 0.5
159 239 2
159 216 0.5
161 676 2
161 305 2
161 1 2
161 678 2
161 680 2
161 684 2
161 423 2
161 685 0.5
161 686 1.5
161 592 2
161 687 0.5
161 692 0.5
161 694 2
161 432 1
161 695 0.5
161 597 1.5
161 698 1
161 700 1.5
161 703 1
161 257 2
161 708 2
161 596 1.5
161 710 2
161 711 1.5
161 714 1.5
161 617 2
161 719 1.5
161 720 2
161 721 0.5
161 722 0.5
161 724 0.5
161 474 0.5
161 725 1.5
161 268 1.5
161 727 1
161 529 2
161 733 0.5
161 734 1
161 598 2
161 490 2
161 736 2
161 738 1.5
161 739 2
161 741 1.5
161 742 2
161 744 2
161 28 0.5
161 748 0.5
161 751 1.5
161 752 1
161 755 2
161 756 2
161 512 2
161 759 2
161 762 1
161 351 0.5
162 7 0.5
163 205 1
164 776 0.5
164 779 2
165 791 2
165 793 1.5
165 795 1
165 800 1.5
165 746 1
165 802 2
165 804 1.5
166 11 1.5
166 215 0.5
166 7 1
166 241 2
166 4 2
166 207 0.5
166 10 2
166 257 1
166 9 0.5
166 210 1.5
166 248 1.5
166 12 1.5
168 1 2
169 4 2
169 7 2
169 205 2
169 1 2
169 10 2
169 12 2
169 247 2
170 318 2
171 9 2
173 12 1
174 249 1
174 6 1.5
174 243 1.5
174 236 1
174 210 1.5
174 252 2
174 254 1.5
174 241 2
174 248 2
174 211 1.5
174 245 1.5
174 4 1
174 255 1.5
174 212 2
174 10 2
174 121 1.5
174 11 1.5
174 84 2
174 251 1
174 12 2
174 235 2
174 253 1
174 239 1
174 9 1.5
174 247 2
174 216 1.5
174 217 1.5
174 214 2
174 220 1.5
174 256 1.5
174 250 1.5
174 246 1.5
174 3 1.5
175 7 1.5
175 17 2
175 2 2
175 243 2
176 241 1.5
176 6 2
176 216 1.5
176 219 1.5
176 210 1.5
176 236 2
176 17 1.5
176 256 1
176 207 1.5
176 214 1.5
176 211 1
176 4 2
176 7 2
176 212 1
176 84 2
176 251 1
176 257 2
176 215 1.5
176 121 2
176 9 1.5
176 244 0.5
176 11 1
176 234 1
176 205 1.5
176 233 1
176 248 2
176 217 1
176 5 1
177 235 2
177 207 0.5
177 10 0.5
177 216 2
177 121 1.5
178 4 2
178 219 1
178 256 1.5
178 205 2
178 84 1.5
178 220 1.5
178 249 1.5
178 8 2
178 210 2
178 12 1
178 253 1
178 250 1.5
178 5 1.5
178 255 2
178 234 1.5
178 211 2
178 206 2
178 214 1
178 9 2
178 245 2
178 236 2
178 252 2
178 246 1
178 244 1.5
178 3 2
179 7 2
179 207 1
179 219 2
181 212 1.5
181 2 2
181 1 1.5
181 234 2
181 3 2
181 239 1.5
181 216 2
182 216 1
182 5 2
182 3 0.5
182 1 1
182 217 1
182 2 1.5
185 10 2
185 17 2
187 207 2
187 254 1.5
187 234 2
187 10 1.5
187 12 2
188 694 0.5
188 810 1.5
188 812 1.5
188 318 1
188 606 2
188 814 1.5
188 70 0.5
188 5 2
188 818 2
188 92 1.5
188 510 2
188 820 1
188 157 2
188 787 1.5
188 588 2
188 829 0.5
188 360 1.5
188 7 1.5
188 832 1
188 833 1
188 742 0.5
188 3 2
188 835 1.5
188 836 1.5
188 739 0.5
188 389 1
188 499 1.5
188 490 2
188 749 1
188 313 0.5
190 7 2
190 248 2
190 249 2
190 245 2
190 210 2
190 252 2
190 212 2
190 207 2
190 247 2
193 207 2
193 257 1.5
193 10 1
193 235 1.5
193 243 0.5
193 1 2
193 205 2
193 210 2
193 234 2
195 7 2
195 1 2
195 207 2
195 2 1.5
195 12 2
196 207 0.5
196 10 1.5
196 216 2
196 257 2
197 244 2
197 256 1.5
197 5 2
197 214 1.5
197 220 2
197 2 2
197 213 2
197 4 2
197 235 2
197 13 2
197 248 2
197 12 1.5
197 121 1
197 249 1.5
197 250 2
197 217 2
197 210 1.5
197 234 1
197 212 2
197 246 2
197 245 1.5
198 17 1.5
198 252 2
198 244 2
198 254 0.5
198 2 2
198 248 1
199 518 1
199 522 0.5
199 490 2
199 845 2
199 293 1
199 846 2
199 389 2
199 529 0.5
199 196 2
199 207 2
199 675 1.5
199 638 1
199 597 1
199 847 1.5
199 510 0.5
199 850 2
199 539 1.5
199 459 1.5
199 734 0.5
199 754 1
199 593 1.5
199 2 2
199 700 1
199 853 0.5
199 478 2
199 855 2
199 857 2
199 591 1.5
199 1 1.5
199 858 2
199 859 0.5
199 364 0.5
199 860 2
199 299 1.5
199 861 1.5
199 787 0.5
199 8 2
199 862 2
199 286 2
199 699 1.5
199 509 2
199 863 2
199 864 0.5
199 713 2
199 745 1
199 866 1.5
199 869 2
199 871 1.5
199 872 0.5
199 739 1
199 874 0.5
199 875 1.5
199 798 0.5
199 336 2
199 753 1
199 876 2
199 877 1.5
199 215 1
199 879 1
199 760 1.5
199 448 0.5
199 282 0.5
199 880 1
199 3 1
199 441 1
199 882 0.5
199 668 1
199 220 2
199 884 0.5
199 885 1
199 251 2
199 687 1
199 523 0.5
199 886 2
199 735 1.5
199 365 2
199 73 2
199 719 2
199 216 0.5
199 889 0.5
199 716 1
199 433 0.5
199 235 1.5
199 655 1.5
199 895 0.5
199 790 1.5
199 896 1.5
199 684 2
199 712 1.5
199 303 2
199 897 1.5
199 691 0.5
200 243 2
200 10 2
201 3 2
201 216 2
202 217 1.5
202 219 0.5
202 215 2
202 7 1.5
202 213 2
202 257 2
202 235 2
202 214 2
202 84 2
202 252 2
203 905 2
203 906 1.5
203 907 1.5
205 17 2
205 207 2
206 220 2
206 253 2
206 249 2
207 12 2
208 12 2
208 10 2
208 205 2
208 235 1.5
208 911 2
208 241 1.5
208 913 2
209 216 2
209 255 2
209 250 1.5
209 234 1.5
209 246 2
209 252 1
209 241 1.5
209 7 1.5
209 257 2
209 235 1.5
210 207 2
211 13 0.5
211 10 1.5
211 17 2
212 7 0.5
212 12 2
212 1 1
212 10 2
212 207 1
215 246 1
215 255 0.5
215 211 2
215 17 2
215 84 1
215 233 2
215 5 2
215 257 2
215 9 1
216 10 1.5
216 241 1.5
218 207 2
218 235 1
218 239 2
218 254 1.5
218 7 1.5
218 206 1
218 247 2
218 243 1.5
218 220 1.5
218 217 1
218 245 2
218 234 2
218 10 1
218 216 2
218 13 1.5
218 84 2
218 251 2
218 249 2
218 252 2
218 241 2
218 6 1.5
218 121 1.5
219 330 2
222 207 0.5
223 210 1
223 12 1
223 205 1.5
223 235 2
223 206 1
223 2 2
224 17 2
224 236 0.5
225 247 2
225 12 2
225 252 1.5
225 216 1.5
225 217 1.5
225 205 2
225 214 2
225 235 2
228 205 1
230 208 1
231 257 1
231 207 1
231 7 2
232 494 2
232 9 2
232 207 2
232 239 2
232 12 1.5
232 3 1.5
232 2 2
234 10 2
234 241 1
234 13 2
234 7 2
235 236 1
235 249 2
235 211 1
235 9 1
235 243 0.5
235 12 2
235 121 1.5
235 8 2
235 253 1.5
235 6 2
235 4 1
235 207 1.5
235 235 2
235 212 2
235 233 2
235 5 2
235 257 2
235 17 1
235 234 1.5
236 10 1.5
236 234 2
236 13 2
237 211 2
237 243 0.5
238 257 1.5
238 4 2
238 12 0.5
238 207 1.5
238 239 2
238 244 1.5
238 245 2
239 1 2
239 213 2
243 59 2
243 214 2
243 339 1.5
243 924 1
243 925 1
243 926 2
243 928 2
243 435 1.5
243 921 0.5
243 847 1
243 210 1
243 209 0.5
243 930 1
243 341 1
243 239 2
243 206 2
243 598 1.5
243 247 2
243 932 0.5
243 933 1
244 12 1.5
244 236 0.5
245 256 2
245 257 2
246 591 1.5
248 247 2
248 233 2
248 934 0.5
248 121 2
248 7 2
248 217 2
248 935 0.5
248 4 2
248 254 2
248 84 2
248 9 2
248 220 1.5
248 207 1.5
248 206 2
248 12 1.5
248 251 2
248 241 2
249 17 2
249 215 2
249 253 0.5
249 212 1.5
249 244 1
249 216 1.5
249 84 2
249 251 2
249 249 2
249 219 1.5
249 254 2
249 246 2
249 235 1
249 213 2
249 210 1.5
250 219 1.5
250 212 1
250 254 1.5
250 236 2
250 84 1.5
250 244 2
250 13 2
250 252 2
250 241 1.5
250 257 2
250 206 1.5
250 4 1.5
250 17 2
250 205 1.5
250 255 1.5
250 245 1.5
250 8 2
250 211 2
251 121 2
255 207 2
256 255 0.5
256 207 1
256 13 2
258 210 0.5
258 10 2
258 235 1.5
258 207 2
259 253 1.5
259 2 2
259 245 2
260 207 2
260 17 0.5
261 215 2
261 219 2
261 220 1.5
262 235 2
262 17 2
262 254 2
262 233 2
263 10 2
263 205 2
263 12 2
263 214 2
264 1 0.5
264 17 0.5
264 253 0.5
264 779 2
267 17 2
267 1 1.5
267 13 2
269 17 2
269 207 2
269 7 1
271 219 2
271 254 0.5
271 246 2
271 206 1
271 257 1.5
271 235 1
271 205 2
271 2 2
271 4 0.5
271 248 1
271 7 1.5
271 3 1.5
271 217 2
271 243 0.5
271 253 1
271 1 1.5
271 256 1
271 252 2
271 236 1.5
271 244 1
271 12 1
271 241 1
271 10 2
271 207 1
271 249 1
272 925 1.5
272 690 0.5
272 944 1.5
272 12 2
272 923 1
272 724 0.5
272 951 1.5
272 389 2
272 207 0.5
272 536 2
272 537 1.5
272 710 1.5
272 965 2
272 967 1.5
272 592 2
272 7 1
272 701 0.5
272 969 1.5
272 591 1.5
272 974 1.5
272 978 2
272 810 2
272 720 1
272 587 1
272 982 1
272 985 1
272 847 1.5
272 989 0.5
272 990 2
272 991 2
272 993 0.5
272 766 1.5
272 742 1.5
272 700 0.5
272 996 1.5
272 284 2
272 679 1.5
272 686 1.5
272 528 1.5
272 697 1.5
272 1003 1.5
272 765 1.5
272 1005 2
272 1006 2
272 1007 1.5
272 688 2
272 1008 1
272 1009 1
272 585 1
272 747 2
272 1011 2
272 1 2
272 681 1.5
272 924 2
272 1016 1
272 453 2
273 659 2
273 1017 2
276 257 1
276 12 2
276 207 1.5
276 234 1.5
276 212 2
276 217 2
276 7 2
279 207 2
279 210 2
279 17 2
279 4 1.5
279 84 2
279 257 1.5
279 220 2
280 12 1
280 239 1
280 3 1.5
280 217 1
280 219 1
280 244 1
280 234 2
280 253 2
280 214 1.5
280 243 1
280 251 2
280 7 1.5
280 241 1
280 6 1
280 10 2
280 255 2
280 17 2
280 213 2
280 9 1.5
280 1 2
280 247 2
280 211 2
280 257 1
280 245 2
280 236 1.5
280 216 1.5
280 207 1
280 252 1.5
281 13 1.5
281 219 1
281 10 1.5
281 251 2
281 234 2
281 1 1.5
281 252 1
281 236 2
281 217 2
282 235 0.5
284 909 2
285 1037 2
287 17 1
288 121 1
288 257 2
288 8 1.5
289 257 2
289 121 1
290 17 2
291 207 2
291 206 2
291 247 2
291 239 2
292 207 2
293 257 2
293 249 2
293 236 2
293 84 2
293 256 2
294 244 2
294 207 2
294 236 2
294 249 2
294 205 0.5
294 252 2
294 243 2
294 10 2
294 248 2
294 246 2
294 12 1.5
294 1 2
294 121 2
294 210 2
294 84 1.5
294 206 2
294 253 2
294 247 2
294 216 2
294 256 2
294 235 2
294 217 2
294 212 2
294 241 2
294 257 2
294 219 1.5
295 244 2
295 245 2
295 252 2
295 217 2
295 241 2
295 248 2
295 220 2
295 251 2
295 7 1.5
295 206 2
295 13 0.5
295 216 1
295 257 2
295 256 2
295 246 2
295 205 1.5
295 210 2
295 10 1
295 247 2
295 239 1.5
295 249 2
295 243 2
296 4 1.5
296 219 1.5
296 3 2
296 214 2
296 11 1
297 235 0.5
297 220 0.5
298 734 1
298 207 2
298 756 1
298 218 1.5
298 17 2
298 339 1
299 255 1.5
299 236 2
300 1041 0.5
300 1043 2
300 1046 1
300 929 1.5
300 251 1.5
300 1055 0.5
300 909 2
300 1056 1.5
300 398 0.5
300 1058 2
300 638 1.5
300 270 1
300 926 2
300 1061 1.5
300 1063 1.5
300 1065 1.5
300 970 2
300 1068 1
302 1 2
302 234 0.5
302 84 1.5
302 252 0.5
302 248 2
302 7 0.5
302 247 2
302 239 1
303 12 1.5
303 250 2
303 207 1.5
303 11 1.5
303 253 2
303 244 1.5
303 7 2
303 252 1.5
303 9 1.5
303 241 0.5
303 205 1.5
303 220 1
303 245 2
303 239 1.5
303 8 2
303 211 1
303 3 1.5
304 442 1
305 350 2
306 12 1.5
306 10 1.5
306 2 2
307 1070 2
307 7 2
307 239 2
307 1010 1.5
307 252 0.5
307 242 2
308 216 2
308 1034 0.5
308 205 2
308 611 1
308 495 1.5
308 1078 1.5
308 659 0.5
308 1080 0.5
308 1083 2
308 1085 2
308 497 2
308 13 1
308 214 0.5
308 1086 1
308 1088 0.5
308 263 1.5
308 660 1.5
308 10 1
308 1095 0.5
308 1097 1.5
308 1101 2
308 1102 2
308 235 1.5
308 434 1
308 1103 2
308 1104 1
308 240 1
308 1107 2
308 1108 1
308 244 1
308 1109 1
308 1110 1
308 743 0.5
308 489 1
308 447 0.5
308 1113 0.5
308 930 0.5
308 210 2
308 1120 1.5
309 241 1
310 218 2
310 241 1.5
310 522 1
310 688 2
310 498 0.5
310 1123 0.5
310 330 2
310 116 1
312 235 1
312 12 2
312 205 2
312 251 2
312 255 2
312 6 1
312 239 1.5
312 719 0.5
312 219 1.5
312 234 1.5
312 212 1.5
312 9 1.5
312 211 1.5
312 1054 0.5
312 207 1.5
312 3 1
312 8 1.5
312 214 1
312 7 2
312 1059 2
312 257 1
312 10 2
312 11 0.5
312 213 2
312 4 0.5
313 246 1.5
313 3 2
313 7 1.5
313 241 2
313 341 0.5
313 207 0.5
313 1127 2
313 12 1.5
314 17 2
315 207 2
316 11 2
316 213 0.5
316 239 0.5
316 256 0.5
316 17 0.5
316 245 0.5
316 254 0.5
316 10 1.5
316 1 0.5
316 1142 1
316 241 0.5
316 210 1
316 220 1.5
316 244 0.5
316 13 2
316 247 0.5
316 257 0.5
316 7 0.5
316 235 0.5
316 243 2
316 252 0.5
316 251 2
316 4 0.5
316 246 1
316 216 0.5
316 1158 0.5
316 12 0.5
316 217 0.5
316 249 0.5
317 12 2
317 1162 2
317 1164 2
317 1165 1
318 3 0.5
318 213 2
318 252 2
319 255 1
319 10 1
319 211 2
319 216 1
319 121 1.5
319 84 2
319 207 2
319 249 1.5
319 250 2
319 252 1
319 246 1.5
319 5 1.5
319 241 1.5
319 6 1
319 235 1
319 213 2
319 2 1
319 254 1
319 4 1.5
319 9 1
319 210 1.5
319 206 1
319 257 2
319 205 1
319 243 0.5
319 233 2
319 248 1
319 1 0.5
319 253 1.5
319 220 2
319 256 1
319 212 0.5
319 244 2
319 12 2
320 1166 2
320 1169 0.5
320 1171 2
320 436 2
320 1180 1
321 236 2
322 12 2
322 10 1
322 207 2
322 236 2
323 1183 2
323 743 2
323 592 1.5
323 706 1.5
323 734 1
323 676 1
323 765 1
323 875 1.5
323 490 2
323 760 1
323 10 1
323 599 2
323 442 2
323 453 0.5
323 2 1.5
323 207 2
323 379 1.5
323 15 1.5
325 236 2
326 257 1.5
326 7 2
327 241 2
328 12 2
328 220 1.5
328 256 0.5
328 84 1
328 6 1.5
328 235 2
328 249 0.5
328 212 2
328 233 0.5
328 5 2
328 257 1.5
328 234 2
328 248 0.5
328 236 1.5
328 252 1.5
328 9 1
328 255 2
328 243 0.5
328 246 2
329 241 1
329 207 1
329 12 1
329 1 0.5
330 220 0.5
330 235 1.5
330 7 2
330 246 2
333 10 1.5
333 243 0.5
333 2 1.5
334 243 1
334 8 2
335 253 2
340 7 2
344 7 2
344 257 1
344 17 2
345 246 2
345 17 2
345 244 1.5
345 5 2
346 235 1
346 220 1
348 205 2
349 8 1.5
349 206 1.5
349 257 2
349 220 0.5
349 2 2
349 4 2
349 235 0.5
349 205 0.5
349 247 2
349 17 2
349 251 2
349 6 2
349 210 1.5
349 245 1.5
349 211 2
349 216 1.5
349 233 2
352 245 2
352 256 1.5
352 251 2
352 8 2
352 7 2
352 257 2
352 248 2
353 246 1.5
353 213 1
353 17 1
353 214 2
353 245 1.5
353 8 1
353 211 1.5
353 212 1.5
353 6 2
353 10 1.5
353 210 1.5
353 1 2
353 5 2
354 10 2
355 257 1
355 515 1
355 9 2
355 445 2
355 235 1.5
355 397 1.5
355 389 0.5
355 453 1
355 386 0.5
355 1054 0.5
355 378 2
355 583 1.5
355 278 1
355 239 1
355 341 0.5
355 428 1
355 217 1
355 12 2
355 473 1
355 429 1
355 510 2
355 8 1
355 638 0.5
355 270 1
355 220 2
355 409 1
355 442 1
355 403 1
355 589 0.5
355 84 1.5
355 490 1
355 255 2
356 213 0.5
356 216 0.5
356 2 0.5
356 212 0.5
356 5 0.5
356 17 0.5
356 219 1.5
356 215 0.5
356 234 0.5
356 11 0.5
356 13 0.5
356 205 1
356 252 0.5
356 255 0.5
356 214 0.5
356 10 0.5
356 245 0.5
356 246 1
356 239 0.5
356 217 0.5
357 2 2
360 217 2
360 13 2
361 1003 0.5
361 12 1.5
361 752 2
362 257 2
362 2 2
362 243 2
364 2 2
365 220 2
365 12 2
365 247 2
365 84 2
367 207 2
367 17 2
368 257 1
368 121 1
368 205 1
368 11 2
368 219 2
368 234 1
368 210 1
368 235 1.5
368 245 2
368 10 0.5
370 585 1.5
374 246 2
374 4 1.5
374 255 2
374 220 1
374 245 2
374 256 1
374 3 1
374 214 1.5
374 254 1.5
374 250 1
374 251 1
374 235 2
374 236 1.5
374 210 2
374 219 1.5
374 5 2
374 244 0.5
374 9 2
374 248 2
374 213 2
374 252 2
374 241 1
375 207 2
375 17 1.5
375 245 1
375 236 1.5
375 5 2
375 213 2
375 47 0.5
375 1210 0.5
375 211 2
378 257 0.5
378 207 1.5
380 236 0.5
380 207 2
381 7 2
382 13 1.5
382 233 1.5
382 12 1.5
383 220 1
383 252 1.5
384 243 0.5
384 207 2
384 1 1
384 10 1
384 216 0.5
384 205 0.5
384 3 2
384 248 2
385 205 1
385 216 1
385 2 1.5
385 220 2
385 241 2
385 10 2
385 5 1
385 1 2
385 215 2
386 9 2
386 205 2
386 216 1
386 207 1.5
386 1 2
386 6 1
386 84 2
387 1216 0.5
387 1218 1
388 10 2
388 213 1
388 216 1.5
389 249 2
389 246 2
389 245 2
389 250 2
389 254 2
389 220 2
389 121 2
389 241 2
389 216 2
389 210 2
389 252 2
389 212 2
389 248 2
389 217 2
389 253 2
389 243 2
389 244 2
389 251 2
389 247 2
389 257 2
389 10 2
389 1 2
389 3 2
389 233 2
389 256 2
389 205 2
389 213 2
389 255 2
389 214 2
389 84 2
391 17 1
393 207 1.5
393 2 2
393 7 2
395 84 0.5
395 249 1
395 250 1.5
395 12 2
395 241 2
395 207 1.5
395 235 2
395 4 1.5
395 206 2
395 257 1.5
395 247 1
395 243 1
395 248 0.5
395 256 0.5
395 212 2
396 1224 1
396 1225 2
396 389 1.5
396 235 1.5
397 207 2
397 205 2
397 234 1
397 246 1.5
397 7 2
397 1234 0.5
398 207 1
398 235 2
399 207 0.5
399 219 2
400 10 1
400 215 2
400 13 2
402 1235 1
402 289 0.5
402 1236 0.5
402 1237 0.5
402 1238 2
402 1239 0.5
402 723 2
402 1240 2
402 1242 2
402 1243 1
402 1246 1.5
402 499 0.5
402 1248 1.5
402 1249 2
402 1250 1.5
403 233 2
403 12 1.5
404 12 0.5
407 13 2
408 12 0.5
408 207 0.5
408 235 2
408 236 0.5
409 11 2
409 10 1
409 4 2
411 210 1
411 216 0.5
411 255 2
411 84 1.5
411 212 1.5
411 10 1
411 7 1
412 214 2
412 243 2
412 12 2
412 254 2
412 11 2
412 253 2
412 236 2
412 10 2
412 219 2
412 5 2
412 6 2
412 252 2
412 249 2
412 257 1
412 84 1
412 1255 1
412 9 2
412 248 2
412 213 2
412 4 2
412 255 2
412 121 2
412 256 2
412 211 2
413 779 1.5
413 11 2
413 4 2
414 17 1
414 236 2
414 11 1.5
416 243 1
416 234 1.5
416 207 2
417 206 2
418 214 2
418 235 2
420 234 2
420 1 2
420 246 1.5
420 121 2
420 3 2
420 10 2
420 247 2
420 12 1.5
420 250 2
420 233 1.5
420 6 2
420 236 2
420 207 2
420 8 1.5
421 236 2
421 84 2
423 4 2
423 1 1
423 10 1.5
423 216 1.5
423 257 1.5
423 17 1.5
423 239 1.5
423 9 1.5
423 233 1.5
424 211 0.5
424 3 1.5
424 214 0.5
424 243 0.5
424 254 1.5
424 250 1
424 207 0.5
424 210 0.5
424 233 2
424 5 1.5
424 252 1.5
424 249 2
424 216 1.5
424 257 0.5
424 248 2
424 213 1
424 256 2
424 251 2
425 213 2
425 214 2
425 84 1.5
425 17 1.5
425 234 2
425 249 1
425 246 2
425 245 1.5
425 9 2
425 254 1.5
425 216 2
425 219 2
425 212 2
425 6 1
425 248 1
425 239 2
425 243 1.5
425 244 1
425 7 1
425 251 1.5
425 4 2
425 247 2
425 257 2
425 12 1.5
425 5 2
426 17 2
426 253 1
426 215 2
426 250 1.5
426 207 2
426 8 1.5
426 121 2
426 245 2
427 12 1.5
427 220 1.5
427 235 1.5
427 84 2
429 3 2
432 207 1
432 10 2
432 235 2
432 205 1.5
432 241 2
433 278 2
433 341 1
433 780 2
433 2 0.5
435 207 1.5
435 506 2
436 512 1
436 1272 1
437 248 2
437 249 2
437 245 1.5
437 252 1.5
437 212 0.5
437 241 0.5
437 84 2
437 244 1.5
437 12 2
437 1 1.5
437 239 2
437 247 2
437 10 2
437 121 1.5
437 217 1
437 205 1.5
437 220 1.5
437 256 2
437 233 1
437 246 2
437 234 0.5
437 206 2
437 235 1.5
437 216 1
437 257 2
437 243 1
437 210 1.5
437 254 0.5
438 239 1
438 255 1.5
438 257 1
439 12 2
439 219 2
439 236 2
442 220 2
445 6 2
445 213 1.5
445 207 1.5
445 233 2
445 17 2
445 215 1
445 244 1.5
445 13 1.5
445 1 1.5
445 255 0.5
445 10 2
445 245 1.5
445 246 1
445 247 2
445 210 2
445 8 2
445 217 2
445 253 2
448 12 2
449 211 2
449 207 2
450 246 2
451 3 2
451 243 1.5
451 219 2
451 212 1
451 250 2
451 6 1.5
451 253 2
451 84 1.5
451 247 1.5
451 244 1.5
451 248 2
451 1 0.5
451 241 2
451 256 2
451 17 2
451 205 0.5
451 255 2
451 245 2
451 239 1.5
451 251 1.5
451 235 0.5
451 8 2
452 1276 2
452 216 2
452 205 1.5
453 234 1
453 3 1
453 235 1
453 2 1
453 257 1
453 215 1
453 239 1
453 214 1
453 11 1
453 212 1
453 10 1
453 1 1
453 205 1
453 216 1
453 213 1
453 13 1
457 253 1
457 214 2
457 216 2
457 252 1.5
457 205 2
457 256 2
457 248 1.5
457 217 2
457 84 2
458 215 0.5
459 246 2
459 245 2
460 8 1
460 215 1
460 241 1
460 1 1.5
460 121 1.5
460 12 2
460 247 2
460 257 2
460 205 2
460 214 1.5
460 220 1.5
460 234 1
460 3 1.5
460 2 2
460 7 2
460 219 2
460 243 1.5
460 236 2
461 213 0.5
461 1 0.5
461 2 0.5
461 6 0.5
461 257 1
461 30 0.5
464 214 2
464 207 1.5
465 207 2
466 206 2
466 220 1
466 10 2
466 249 2
466 241 2
466 216 2
466 235 1
466 250 2
467 244 2
467 212 1.5
467 256 2
467 214 2
467 215 2
467 243 2
467 2 2
467 249 2
467 217 2
467 253 2
467 246 2
468 217 1
468 256 2
468 235 1.5
468 2 1
468 251 0.5
468 241 1
468 257 1.5
468 219 2
468 244 1.5
468 254 1.5
468 11 1.5
468 250 0.5
468 249 1.5
468 211 2
468 205 0.5
468 5 2
468 7 2
468 214 1
468 234 2
468 10 2
468 246 1
468 239 1
468 8 1.5
469 17 2
471 257 1.5
471 1 2
471 217 2
471 7 2
472 218 1.5
472 592 0.5
472 1 2
472 235 1
472 207 1.5
472 5 0.5
473 239 2
475 2 1.5
477 255 0.5
477 214 1
477 235 1
477 219 2
477 12 1.5
477 234 1
477 250 2
477 253 0.5
477 84 2
477 244 1.5
477 10 1.5
477 7 0.5
477 210 1.5
477 5 1
477 241 1.5
477 257 1
477 256 1.5
477 248 2
477 213 1.5
477 246 2
478 9 1.5
478 478 0.5
478 714 1.5
478 410 2
478 214 0.5
478 434 1
478 1295 1.5
478 591 1
478 536 1
478 278 1.5
478 1296 2
478 539 2
478 676 1.5
478 204 0.5
478 244 1.5
478 31 1.5
478 582 0.5
478 548 1
478 1298 2
478 20 1.5
478 459 2
478 356 1.5
479 1036 1.5
480 7 1.5
482 216 1
482 212 2
482 6 2
482 2 1.5
482 239 2
482 3 2
482 205 1.5
482 214 0.5
482 17 2
483 246 1
483 205 1
483 210 1
483 121 1.5
483 249 1
483 244 0.5
483 245 1.5
483 233 0.5
483 217 0.5
483 241 1.5
483 6 1.5
483 248 0.5
483 12 1.5
483 253 0.5
483 250 1
483 251 0.5
483 252 1.5
483 7 1
483 206 0.5
483 207 1.5
483 254 1.5
483 216 1
483 2 1
483 256 0.5
483 212 2
483 213 1
483 214 1
484 207 2
484 206 1.5
486 257 2
486 239 2
487 6 2
487 219 2
487 7 2
487 257 2
487 17 2
487 256 2
487 236 1
487 211 1.5
488 211 2
488 241 1.5
488 217 2
488 219 2
488 239 2
488 215 1
488 7 2
488 207 1.5
488 10 0.5
488 1 0.5
489 862 1
489 691 2
489 278 2
489 12 2
489 879 0.5
490 239 2
490 2 2
490 13 1
490 205 2
491 3 2
492 207 2
492 252 2
492 244 1.5
492 257 2
492 247 2
492 210 1.5
492 234 1.5
492 253 0.5
494 84 2
495 243 2
495 220 2
495 207 2
495 254 2
497 235 0.5
498 233 1
498 1305 1.5
498 11 2
499 17 2
500 215 2
500 1 2
502 84 1.5
502 10 2
502 205 1
502 220 1.5
502 233 1.5
502 243 2
502 210 1.5
502 241 2
502 248 2
502 2 2
502 4 2
502 207 1
502 121 2
503 777 2
504 2 1.5
504 1 2
505 217 1.5
505 246 1
505 255 0.5
505 121 2
505 211 0.5
505 3 1
505 2 1
505 219 2
505 12 0.5
505 212 2
505 253 1
505 249 2
505 247 2
505 7 0.5
505 233 2
505 5 1.5
505 6 1
505 252 1
506 207 2
506 10 2
507 213 2
507 215 2
507 84 2
507 10 2
508 234 1.5
508 5 1.5
509 1311 0.5
509 1312 1.5
509 341 1
509 1314 1.5
509 927 1
509 283 2
509 1316 2
509 1318 0.5
509 1319 2
509 779 1.5
509 592 1.5
509 236 0.5
509 929 2
509 931 1.5
509 1320 1.5
509 751 0.5
509 702 2
509 584 0.5
509 924 2
509 1325 1.5
509 1326 1
510 1060 1
513 7 2
514 207 2
514 1334 1
515 257 2
517 233 2
517 257 2
517 12 1.5
517 215 2
517 211 1
517 9 2
517 253 2
517 243 2
518 9 2
518 239 1
519 217 1
519 1337 0.5
519 1338 0.5
521 2 2
522 13 2
523 11 2
523 217 2
523 236 2
523 215 1.5
523 10 2
523 5 1.5
523 13 1.5
524 12 1
525 11 0.5
526 255 1
526 121 0.5
526 8 0.5
526 11 2
526 84 0.5
526 12 1.5
526 1 2
526 9 1
526 5 0.5
526 220 1.5
526 219 2
533 1006 2
533 590 2
533 606 2
533 536 1.5
533 523 1.5
533 445 0.5
533 960 1
533 984 2
533 266 1.5
533 549 2
533 537 2
533 486 2
533 356 0.5
533 977 2
533 739 1.5
535 251 2
535 236 0.5
535 235 1
535 216 1.5
535 205 1.5
535 1 2
535 13 2
535 245 1.5
535 5 2
535 256 2
535 241 2
535 17 1.5
535 12 1
535 220 1
535 249 2
535 257 0.5
536 244 2
536 217 2
536 239 2
536 13 1.5
536 10 1.5
536 210 2
536 220 1.5
536 253 1.5
536 246 2
536 251 1.5
536 212 2
536 234 2
536 252 2
536 215 1
536 235 1
536 216 2
536 255 2
536 206 2
536 211 2
536 205 2
536 214 1.5
536 219 1.5
536 17 1.5
537 235 1.5
537 12 0.5
537 216 1.5
537 217 1
537 220 1
537 250 0.5
537 234 2
537 3 1
537 257 0.5
537 7 1.5
537 219 1.5
537 243 0.5
537 241 1
537 248 1
537 1017 2
537 6 2
537 2 2
537 252 2
537 255 1
537 212 2
537 121 0.5
538 252 2
538 6 2
538 17 2
538 216 2
538 3 1.5
539 7 2
540 1342 1
540 207 2
541 7 1.5
541 243 2
544 253 2
546 592 1.5
546 489 1
546 1348 2
546 897 1
547 235 2
547 244 2
547 241 2
547 256 2
547 84 1.5
547 210 0.5
547 257 1
547 243 1
547 249 2
547 233 2
547 8 2
547 121 2
547 236 2
548 256 1
548 255 2
548 220 2
548 245 2
548 251 2
548 235 0.5
548 253 1
548 211 1
548 3 1.5
548 243 1
548 12 1
548 250 1
548 6 1.5
548 11 2
548 249 1
548 84 1
548 244 1.5
548 210 1
548 248 1
548 1 2
548 5 1
548 246 1
548 4 1
548 217 1.5
548 9 1.5
549 235 1.5
549 205 1.5
549 84 0.5
549 17 2
549 216 1.5
549 2 2
549 248 1.5
549 220 2
549 4 2
549 215 2
550 239 1.5
550 233 2
550 257 1.5
550 234 1.5
550 270 0.5
550 84 0.5
550 241 2
551 12 2
552 239 1.5
552 10 2
552 12 1.5
552 1 2
553 8 0.5
556 1352 2
557 249 0.5
557 248 1.5
557 243 1.5
557 241 1.5
557 4 1.5
557 219 0.5
557 250 1.5
557 220 1
557 257 2
557 216 1.5
557 253 2
559 12 1.5
559 216 2
559 219 1.5
559 210 1.5
559 236 1.5
559 17 0.5
559 235 1.5
559 256 1
559 8 1.5
559 249 2
559 4 1
559 213 1
559 212 0.5
559 251 2
559 253 1
559 245 0.5
559 257 0.5
559 243 2
559 250 1.5
559 244 2
559 9 0.5
559 10 1.5
559 234 1.5
559 233 1.5
559 255 1.5
559 248 2
559 247 2
559 254 2
559 252 1.5
559 211 2
560 7 2
561 211 1.5
561 210 2
561 13 2
561 252 2
561 4 2
561 255 1.5
561 239 2
561 17 1.5
561 2 1.5
562 236 1.5
562 7 2
562 805 1.5
562 251 2
562 17 1
562 441 1.5
562 501 1
562 9 1.5
562 675 1
562 477 0.5
562 482 0.5
562 2 2
562 245 0.5
562 443 1.5
563 442 0.5
566 220 2
566 121 2
566 3 2
566 207 2
566 235 2
566 236 2
566 7 2
566 1 1.5
566 241 2
568 3 0.5
568 264 1.5
568 257 2
568 1031 2
568 245 2
568 1284 1
568 1285 2
568 1282 0.5
568 1281 1.5
568 205 1
569 207 2
569 1121 1.5
569 7 2
569 10 2
569 216 2
570 1354 1.5
570 1355 2
570 217 2
570 220 2
570 207 2
572 1357 0.5
572 1 2
573 12 1
574 7 1.5
574 213 2
574 12 1.5
575 220 2
575 233 2
575 10 1.5
575 13 2
577 211 2
578 236 1.5
578 1360 2
578 207 1
580 17 2
580 236 0.5
583 3 2
583 11 2
583 8 1.5
584 207 2
584 1 2
585 235 2
585 211 0.5
585 10 2
585 212 0.5
585 5 2
585 257 1.5
585 9 2
585 248 1.5
585 213 1.5
585 205 1.5
585 4 0.5
585 217 1.5
585 239 2
585 3 1
585 251 1.5
586 239 2
587 214 2
587 900 0.5
587 696 2
587 251 1.5
587 583 2
587 719 1
587 807 1
587 1054 1.5
587 336 1
587 244 1
588 709 1.5
588 673 2
588 1193 0.5
588 310 2
588 806 0.5
588 494 0.5
588 958 1.5
588 4 2
590 207 2
590 241 2
590 2 2
590 12 1
590 13 2
591 923 0.5
591 585 2
591 389 2
591 694 0.5
591 847 1
591 941 2
591 486 2
591 700 0.5
592 3 2
592 1 1.5
592 17 1.5
592 236 1.5
593 245 2
595 17 2
597 235 2
597 219 2
597 13 2
600 243 0.5
601 257 2
603 215 1
606 5 0.5
606 8 2
606 213 0.5
606 234 1
606 3 1.5
606 257 0.5
606 9 2
606 211 1
606 244 0.5
606 214 1
606 205 1
606 247 1.5
606 10 1
606 248 2
606 249 0.5
606 220 2
606 250 2
606 251 1
606 84 0.5
606 252 1.5
606 6 0.5
606 254 1
606 255 0.5
606 236 1.5
606 4 1
606 13 1
608 205 1.5
608 241 2
608 207 2
608 10 2
608 2 2
608 246 1.5
609 207 1.5
609 12 2
611 257 2
611 7 2
611 206 1.5
611 211 1.5
612 215 1.5
613 214 1.5
613 5 1
613 249 2
613 246 2
613 250 2
613 9 2
613 216 2
613 212 1.5
613 248 1.5
613 253 1.5
613 220 2
613 236 1
613 251 2
613 255 2
614 236 2
614 1375 1.5
615 205 0.5
615 216 2
615 217 2
615 245 2
615 13 2
616 541 0.5
616 253 1.5
616 548 2
616 13 2
616 793 1
616 216 1.5
616 898 2
616 468 2
617 7 1.5
617 12 1.5
618 241 2
618 216 2
620 12 1.5
620 5 2
621 8 2
622 207 2
623 215 2
626 313 1
626 986 2
626 523 0.5
626 1377 2
626 983 1
626 100 0.5
626 1381 1
626 1382 0.5
626 698 2
626 1384 0.5
626 1387 0.5
626 1050 1
626 10 2
626 169 1.5
626 693 1
626 1393 1
626 389 0.5
628 10 1.5
628 217 2
628 239 2
628 234 1
628 235 2
628 12 1.5
628 207 1.5
628 91 2
629 246 2
629 239 2
629 12 2
629 207 2
630 254 2
630 9 1
630 210 1
630 247 1
630 214 2
630 253 2
630 245 1.5
630 5 2
630 255 1.5
630 10 1.5
630 216 2
630 252 1.5
631 239 2
631 205 2
631 220 1
631 233 1
631 234 1.5
631 6 2
631 7 2
631 243 2
631 210 2
631 255 2
631 212 1.5
631 241 2
631 207 1.5
631 9 1
631 10 2
631 12 1
631 17 1
631 235 1.5
633 257 1.5
633 1 2
633 235 2
633 248 2
633 243 1.5
634 11 1.5
634 215 2
634 254 2
634 12 2
634 13 2
634 10 1.5
636 1220 2
636 159 0.5
637 1396 1
637 597 1
637 593 2
637 1 0.5
637 583 1.5
637 1218 1
637 487 1
638 17 2
638 719 2
638 1121 2
638 245 2
640 207 2
640 2 2
640 1 2
641 257 1
641 84 1.5
641 207 1
641 5 0.5
641 8 2
641 254 1.5
644 121 2
645 13 2
645 1406 1
645 8 1.5
645 234 1.5
647 3 2
647 219 2
647 10 2
647 205 2
648 1 1.5
648 10 1.5
649 215 0.5
650 236 2
650 17 2
651 11 0.5
651 255 1.5
651 236 0.5
651 246 1.5
651 17 0.5
652 10 2
653 236 1.5
653 247 2
653 233 1.5
653 13 2
653 9 2
653 205 1
653 4 2
655 245 1.5
655 215 1
655 254 2
655 244 1.5
656 13 2
656 12 2
656 257 2
656 207 2
656 10 1.5
657 254 2
657 251 1.5
657 235 0.5
657 256 2
657 248 1.5
657 7 1
657 211 1
657 233 2
657 206 1.5
657 3 2
657 244 1.5
657 220 1
657 10 2
658 17 0.5
658 253 2
658 236 0.5
658 8 2
659 215 2
659 719 1.5
660 255 2
660 246 2
661 10 2
661 233 2
661 219 2
661 1 1.5
661 6 2
661 249 1.5
661 257 2
661 84 1.5
661 248 1.5
661 215 2
661 213 1.5
661 241 1.5
661 206 1.5
661 4 1.5
661 121 2
661 245 1.5
661 239 2
661 256 2
661 8 2
661 17 2
661 243 1
661 12 1.5
661 212 2
661 254 1.5
661 207 2
661 251 1.5
661 235 2
661 236 1.5
661 253 2
661 211 2
661 247 2
662 12 1.5
663 205 2
663 216 1.5
664 10 2
665 235 2
666 215 2
666 233 2
666 3 2
666 11 1
666 253 2
666 17 2
666 10 2
666 211 1
666 255 1.5
666 212 2
666 245 2
666 252 2
666 12 2
666 8 2
666 251 2
666 249 2
666 219 2
666 4 1
666 9 2
666 257 2
667 256 0.5
667 3 0.5
667 13 1
667 214 0.5
667 8 0.5
667 5 1
667 7 0.5
667 206 0.5
667 257 0.5
667 10 0.5
667 11 1
667 220 0.5
667 215 0.5
667 2 0.5
667 213 0.5
667 4 0.5
667 241 0.5
667 235 0.5
667 243 0.5
667 1 0.5
667 248 0.5
667 236 0.5
667 12 0.5
667 205 0.5
667 121 0.5
667 247 0.5
667 17 0.5
667 251 0.5
667 255 0.5
667 249 0.5
667 6 0.5
667 239 0.5
667 250 0.5
667 217 0.5
667 210 0.5
667 219 0.5
667 234 0.5
667 253 0.5
667 212 0.5
667 246 0.5
667 245 0.5
667 9 0.5
667 211 0.5
667 216 0.5
667 254 1
667 207 0.5
667 233 0.5
667 84 0.5
667 252 0.5
667 244 0.5
669 210 2
669 1 2
669 251 0.5
669 243 1.5
669 4 2
669 6 2
669 244 2
669 220 2
669 257 1.5
669 206 1.5
670 1234 2
670 1148 1.5
670 704 2
670 1140 2
670 1108 2
670 1146 2
670 416 2
671 900 1
671 1441 0.5
672 6 2
672 215 0.5
672 234 2
673 4 2
673 255 2
673 217 2
673 220 2
673 245 2
673 239 2
673 17 2
673 12 2
673 234 2
673 212 1.5
673 254 2
673 250 2
673 235 2
673 236 2
673 253 2
673 211 2
673 247 2
673 10 2
673 210 1.5
673 6 1
673 249 1.5
673 216 2
673 84 2
673 248 1.5
673 213 2
673 252 2
673 241 1.5
673 205 1.5
673 206 2
677 214 1.5
677 220 2
677 3 2
677 12 2
677 254 2
677 236 2
677 5 2
678 12 1.5
679 216 1.5
680 12 1.5
681 215 1
681 239 2
681 241 1.5
683 253 1.5
685 247 1.5
685 220 1.5
685 239 0.5
685 3 1
685 256 0.5
685 210 2
685 8 0.5
685 217 1.5
685 253 0.5
685 6 0.5
685 4 0.5
685 17 0.5
685 213 1
685 219 1.5
685 207 2
685 216 0.5
685 235 1.5
685 11 1
685 249 0.5
685 2 1
685 212 1
685 233 0.5
685 252 0.5
685 5 0.5
685 215 0.5
685 244 1.5
685 254 2
685 234 0.5
685 248 1
685 211 2
685 13 0.5
685 205 2
685 9 1.5
685 1 1.5
685 243 2
685 7 2
685 214 1.5
685 84 0.5
685 10 1
685 245 0.5
685 246 0.5
690 84 2
692 214 1
692 212 1.5
692 252 2
692 2 1.5
692 13 2
692 234 2
693 207 2
694 8 2
696 12 2
698 8 2
698 250 1.5
702 945 1.5
702 628 0.5
702 1454 2
702 991 1
702 1043 0.5
702 1467 2
702 909 0.5
702 1469 1.5
702 1472 2
702 207 2
702 1483 0.5
702 1357 1.5
702 586 1.5
704 17 1.5
704 11 2
705 207 0.5
706 11 2
706 7 1
706 257 1.5
706 10 2
706 217 2
706 219 2
708 1507 1.5
710 215 1.5
711 253 0.5
711 8 2
712 17 2
713 7 2
714 220 2
714 235 1
714 253 1.5
714 12 0.5
714 121 1.5
714 249 1
714 239 1.5
714 234 2
714 254 2
714 256 2
714 10 2
714 241 1.5
714 7 2
714 257 2
716 3 2
716 205 1.5
716 207 2
716 214 2
716 216 1.5
716 243 0.5
716 10 2
716 1 1
718 257 2
719 249 1.5
719 121 2
719 241 1.5
719 210 1.5
719 219 2
719 212 1.5
719 8 2
719 217 2
719 220 0.5
719 236 2
719 235 0.5
719 205 1
719 1 1.5
725 759 2
725 1511 2
725 91 1.5
725 1514 1
728 257 1
729 5 2
729 13 2
729 251 1.5
729 205 2
729 255 1.5
729 207 2
729 214 1.5
729 84 1.5
729 211 2
729 249 1.5
729 250 2
729 256 1
729 254 1.5
729 241 2
729 216 2
729 219 1.5
729 212 0.5
729 6 2
729 248 1.5
729 239 1.5
729 206 1.5
730 207 2
731 235 2
731 13 2
731 257 1
731 254 2
733 215 2
734 8 1.5
734 236 2
735 239 2
735 832 1.5
735 13 1.5
735 254 1.5
736 4 0.5
736 11 0.5
737 254 1
737 219 1
737 17 1.5
737 206 0.5
737 11 2
737 7 1
737 4 1
737 121 1.5
737 233 2
738 84 1.5
738 3 2
738 207 2
738 241 2
739 589 2
744 216 2
744 205 2
744 1 2
745 257 2
746 235 2
746 12 1.5
746 270 1.5
746 207 1.5
746 10 1.5
747 9 2
747 235 2
747 215 2
747 251 2
747 84 2
749 1 2
749 254 2
749 7 0.5
750 249 0.5
750 6 0.5
750 2 0.5
750 7 0.5
750 219 0.5
750 211 0.5
750 243 0.5
750 236 0.5
750 210 0.5
750 341 1
750 252 0.5
750 254 0.5
750 255 0.5
750 212 0.5
750 8 0.5
750 215 0.5
750 241 0.5
750 27 2
750 248 0.5
750 187 1.5
750 13 0.5
750 245 0.5
750 4 0.5
750 1 1
750 253 0.5
750 9 0.5
750 10 0.5
750 121 0.5
750 11 0.5
750 84 0.5
750 251 0.5
750 217 0.5
750 244 0.5
750 1237 0.5
750 12 0.5
750 206 0.5
750 17 0.5
750 235 0.5
750 239 0.5
750 247 0.5
750 5 1
750 59 1
750 213 0.5
750 216 0.5
750 257 0.5
750 205 0.5
750 214 0.5
750 220 0.5
750 256 0.5
750 250 0.5
750 233 0.5
750 246 0.5
750 234 0.5
750 3 0.5
751 236 0.5
751 253 1
752 257 2
752 2 2
754 7 2
755 283 2
756 207 2
756 233 2
757 12 0.5
757 17 1
759 205 2
759 233 2
759 1 2
759 207 0.5
759 241 1.5
759 235 2
759 121 1.5
760 212 2
760 9 0.5
760 211 2
760 3 2
760 214 1
760 233 2
760 241 2
760 5 1
760 7 1.5
760 257 2
760 220 1
760 2 2
760 213 2
760 236 1.5
760 248 2
760 121 1
760 250 1.5
760 217 0.5
760 84 1
760 244 0.5
761 239 2
761 255 2
761 207 2
762 3 2
762 1 1.5
764 31 2
764 499 1.5
764 832 2
764 941 1
764 810 0.5
764 708 1
766 10 0.5
766 213 2
768 254 1.5
768 1 2
768 207 2
769 1520 0.5
769 214 0.5
769 1202 0.5
769 1522 1.5
769 1121 1.5
769 1523 1.5
769 235 2
769 557 0.5
769 385 0.5
769 1527 0.5
769 1528 2
769 1530 2
769 283 2
769 247 2
769 691 2
772 210 2
775 4 2
775 17 1.5
776 216 2
776 254 1.5
776 10 2
776 219 2
776 11 1
777 215 2
778 3 1
780 219 2
780 248 2
780 235 1.5
780 247 1.5
782 243 2
782 11 0.5
782 12 2
782 10 2
782 13 2
782 207 2
782 219 2
782 235 2
782 213 1.5
784 11 2
784 213 1.5
784 241 1.5
784 13 2
784 243 1.5
784 257 1.5
784 251 1.5
784 249 2
784 4 2
784 9 2
784 250 1.5
785 213 1.5
785 216 2
785 234 2
785 2 2
785 9 2
785 12 1.5
786 8 2
786 216 1
787 12 1.5
787 207 1.5
787 11 2
788 17 2
788 235 1
788 219 1.5
788 213 1.5
788 252 2
788 217 1.5
788 220 0.5
788 121 2
790 236 2
790 9 2
790 121 2
790 84 0.5
790 10 1.5
790 246 2
790 12 1.5
790 217 1.5
790 206 1
790 212 2
790 207 0.5
790 254 2
790 235 2
790 249 2
790 2 2
790 252 1.5
790 5 2
790 7 2
792 7 2
792 17 1.5
795 11 2
797 3 1
797 256 2
797 212 1.5
797 257 2
797 215 2
797 244 2
797 250 1.5
797 249 2
797 13 1
797 1 1.5
797 255 2
797 234 2
797 246 1.5
797 12 2
797 239 1
797 210 1.5
797 84 2
797 206 2
797 253 2
800 236 2
800 235 1
800 255 1
800 216 2
800 205 2
800 254 2
800 5 1.5
800 241 2
800 4 0.5
800 206 2
800 12 2
800 247 2
800 220 1.5
800 10 1.5
800 212 0.5
800 2 1.5
800 3 1
805 213 2
805 10 2
805 7 2
805 216 1.5
806 1539 0.5
807 3 1.5
808 6 2
808 11 0.5
808 10 0.5
808 13 0.5
808 213 0.5
810 217 2
810 8 1
810 216 2
810 17 2
810 215 2
810 235 2
812 410 0.5
812 1543 2
812 1195 2
812 851 1
812 425 1.5
812 835 2
812 1545 1.5
812 1016 2
812 583 2
812 292 0.5
812 663 1
812 256 2
812 662 2
812 1546 1
812 3 2
812 1550 1.5
812 1551 1.5
812 881 1
812 251 2
812 862 2
812 7 1
813 241 2
813 216 0.5
813 235 1.5
813 7 2
813 1554 0.5
813 239 1.5
813 3 2
813 1 1
813 10 1
814 257 1
814 235 1.5
814 210 1
814 248 1.5
814 256 2
815 2 2
815 1166 0.5
815 3 2
815 9 0.5
815 212 0.5
815 214 0.5
815 1177 1
815 235 0.5
815 246 0.5
815 205 0.5
815 210 0.5
815 247 0.5
815 10 0.5
815 239 0.5
815 248 0.5
815 243 0.5
815 249 0.5
815 220 2
815 250 0.5
815 251 0.5
815 244 0.5
815 84 0.5
815 252 0.5
815 217 0.5
815 241 0.5
815 6 0.5
815 17 0.5
815 253 0.5
815 254 0.5
815 255 1
815 1172 1
815 1170 0.5
815 236 0.5
815 206 0.5
815 4 0.5
815 207 0.5
815 256 0.5
815 5 2
815 8 1
815 216 0.5
815 234 1
815 121 0.5
816 236 2
816 12 1.5
817 236 1
817 9 2
818 216 2
818 205 2
823 12 0.5
823 8 2
823 7 1.5
823 257 0.5
824 214 2
825 1210 1
825 267 1
825 1053 2
826 9 0.5
826 220 1.5
827 861 2
829 236 1.5
829 6 1
829 8 2
829 10 2
829 1397 1
829 4 1.5
830 341 1.5
830 1183 1
830 875 1.5
831 1569 0.5
831 781 0.5
831 557 2
831 585 1
831 787 1
831 1578 1.5
831 383 2
831 1579 2
831 1582 1
834 235 1.5
834 241 0.5
836 2 1.5
836 13 1.5
836 1 2
836 235 1.5
837 586 1.5
837 336 2
837 584 0.5
838 1589 2
838 217 1
838 212 1.5
838 968 2
838 233 2
838 3 0.5
838 5 2
838 257 1.5
838 10 0.5
838 11 1
838 220 1.5
838 215 2
838 213 1.5
838 4 1.5
838 1 1
838 847 2
838 247 2
838 255 0.5
838 923 2
839 7 1.5
839 4 1
839 13 1.5
839 2 2
839 9 2
839 11 2
841 1 2
841 7 0.5
842 10 2
842 489 0.5
842 407 0.5
842 235 2
842 257 2
842 1076 0.5
842 743 0.5
842 461 0.5
842 249 2
842 216 0.5
842 1093 2
842 207 1
842 441 0.5
842 536 1.5
842 240 1.5
842 252 2
842 205 2
842 214 2
842 3 2
842 241 2
842 248 2
842 4 1
842 254 0.5
842 243 0.5
842 12 2
842 781 2
842 210 1.5
843 239 2
843 215 2
843 214 2
843 213 2
843 1 2
843 13 2
843 2 2
843 234 2
843 10 2
843 212 2
843 216 2
843 205 2
843 7 2
843 3 2
845 70 2
845 1596 1
845 876 2
845 409 1.5
845 441 2
845 1610 1
845 1611 1.5
846 215 1.5
846 12 1.5
846 17 1.5
846 247 1
846 9 1
847 235 2
847 8 1
847 2 2
847 7 2
847 6 0.5
847 11 1.5
847 210 2
847 213 0.5
847 206 2
847 4 1
847 17 0.5
848 1630 1
849 239 1
849 3 2
849 17 1.5
851 234 2
851 250 2
851 235 2
851 4 1
851 7 0.5
851 247 2
851 220 1
851 212 2
852 211 2
852 17 2
852 243 2
852 234 2
852 254 2
852 236 1
852 247 2
852 244 2
852 210 2
852 233 2
852 6 2
852 249 2
852 257 2
852 84 1
852 248 2
852 215 2
852 213 2
852 241 2
852 246 2
852 255 2
852 217 2
852 220 2
852 245 2
852 239 2
852 256 2
854 257 2
857 938 2
859 491 1.5
863 207 1
863 5 2
863 234 2
863 219 2
863 1 2
863 205 1
863 3 2
863 239 1.5
863 12 1
863 250 2
863 251 2
864 245 2
864 244 2
864 12 1
864 10 1.5
864 255 2
864 13 1
864 251 1.5
864 250 2
864 219 2
864 206 1
864 257 1.5
864 247 2
864 205 1.5
864 4 2
864 210 2
864 248 2
864 3 1
864 1 1
864 256 2
864 17 2
864 1640 2
864 11 1.5
865 207 2
865 84 2
866 12 2
866 7 0.5
867 13 2
867 234 2
867 12 1.5
867 253 1
867 252 1.5
867 1 1
867 1641 0.5
867 216 1
867 217 2
867 749 2
867 6 1
867 235 1
867 244 2
867 207 1.5
867 3 1
867 205 1
867 254 1.5
867 8 2
867 2 1.5
867 247 2
868 10 1.5
868 8 2
869 1 1.5
869 215 1
870 1 1.5
870 10 2
871 215 0.5
871 253 0.5
871 12 0.5
871 241 0.5
871 8 1.5
871 10 0.5
871 216 0.5
871 13 2
871 84 0.5
871 207 1.5
871 251 0.5
871 254 1
871 9 0.5
871 257 2
871 235 0.5
871 205 0.5
871 7 0.5
871 858 2
871 1 1
871 217 1.5
872 207 2
873 13 1.5
873 383 1
873 239 2
873 135 2
875 235 0.5
875 7 1.5
876 17 2
876 12 2
877 215 2
878 210 0.5
878 215 1
878 219 1
878 4 1.5
878 255 1
878 244 0.5
878 235 0.5
878 253 2
878 5 1.5
878 217 1.5
878 220 1
879 220 0.5
879 239 0.5
879 10 1
879 257 0.5
879 214 0.5
879 250 0.5
879 206 0.5
879 17 0.5
879 247 1
879 246 0.5
879 249 0.5
879 212 0.5
879 9 0.5
879 255 0.5
879 210 0.5
879 8 0.5
879 254 0.5
879 13 0.5
879 251 0.5
879 243 0.5
879 245 0.5
879 236 0.5
879 217 0.5
879 213 0.5
879 216 0.5
879 252 0.5
879 256 0.5
879 248 0.5
879 215 0.5
879 11 0.5
879 84 0.5
879 253 0.5
879 4 1
879 5 0.5
879 6 0.5
879 233 0.5
879 207 0.5
879 121 1.5
879 244 0.5
879 7 2
879 211 0.5
879 234 0.5
880 12 0.5
880 219 2
881 213 1.5
881 10 2
882 207 0.5
882 213 1.5
882 254 1
882 216 1
882 233 1.5
882 219 1.5
883 1645 2
886 235 1.5
886 241 2
886 1 1
888 12 1
888 235 2
890 779 0.5
890 654 1.5
890 784 1
891 1100 2
891 12 1.5
891 207 2
891 1084 1.5
891 1096 0.5
891 263 0.5
891 1083 1.5
891 1034 2
891 441 2
891 1101 2
891 1120 0.5
891 453 1
892 361 1
892 692 2
892 310 1.5
894 7 2
894 4 2
897 12 2
898 594 2
898 1003 1
898 274 2
898 1286 1.5
900 206 2
900 246 2
900 4 2
900 255 2
900 217 2
900 220 2
900 121 2
900 245 2
900 239 2
900 256 2
900 8 2
900 3 2
900 17 2
900 2 2
900 214 2
900 243 2
900 234 2
900 212 2
900 254 2
900 250 2
900 251 2
900 253 2
900 236 2
900 211 2
900 10 1.5
900 210 2
900 233 2
900 219 2
900 13 2
900 5 2
900 6 2
900 257 2
900 249 2
900 84 2
900 244 2
900 9 2
900 248 2
900 215 2
900 213 2
900 252 2
900 241 2
900 205 2
902 254 1.5
902 3 0.5
902 207 2
902 206 1
902 10 2
902 592 2
903 236 2
903 241 1
905 10 2
905 257 2
905 2 1
905 244 2
905 216 2
907 2 2
907 219 2
907 207 0.5
907 11 2
907 13 1
907 12 2
907 253 2
907 1 2
907 9 2
907 220 2
907 233 2
908 17 1.5
908 13 2
908 10 1
908 215 1.5
908 245 2
908 3 1.5
908 236 2
908 247 2
908 255 1.5
909 245 2
909 244 2
909 211 2
909 8 2
909 257 2
909 247 2
909 210 2
910 10 1.5
911 12 1.5
911 253 1.5
911 205 1
911 213 1.5
912 236 1.5
912 255 0.5
912 8 1
912 211 0.5
914 1654 1
915 213 2
915 257 2
917 1070 2
917 1565 1.5
917 235 0.5
917 247 2
917 1038 1
917 1656 0.5
917 12 2
917 253 2
917 13 2
917 467 1.5
918 70 2
918 512 1
918 1659 1
919 214 1.5
919 7 0.5
919 10 1
919 219 0.5
919 255 0.5
919 1 2
919 245 1.5
919 239 2
919 6 0.5
919 257 0.5
919 11 1.5
919 5 0.5
919 234 0.5
919 13 1.5
919 217 1
919 249 1
919 215 0.5
919 205 1
919 216 2
919 17 1.5
919 3 1.5
920 214 1.5
920 3 1
920 234 2
920 17 1.5
920 5 2
920 216 1
921 1221 0.5
921 210 1
921 1231 0.5
921 252 1
921 245 1.5
921 206 1
921 220 2
921 257 1.5
921 11 0.5
921 5 0.5
921 205 2
921 234 1
921 251 1.5
921 253 2
921 84 1.5
921 217 1.5
921 246 1.5
921 249 2
921 215 1
921 1222 2
921 17 1.5
921 878 1
921 1228 1.5
921 255 2
921 236 1.5
925 213 2
925 2 0.5
925 11 1
926 213 2
927 8 2
927 17 1.5
928 10 2
929 10 1
929 233 1
929 257 0.5
930 212 2
930 12 2
930 251 2
930 250 2
930 5 1.5
930 6 2
930 7 2
930 248 1.5
930 3 2
930 1 2
931 1 2
931 241 2
932 927 0.5
932 236 2
933 1 2
936 254 2
936 241 2
936 216 2
938 723 2
938 1254 2
938 1250 2
938 1240 2
938 1235 1
938 1244 2
938 1249 1
939 3 2
939 236 1.5
939 17 2
939 1 2
942 1 1
942 10 2
943 241 0.5
943 12 1
944 17 2
945 235 2
945 234 1
945 12 2
945 207 1
945 253 2
945 247 2
945 10 1.5
945 257 2
946 252 2
946 219 1.5
946 212 2
946 6 2
946 248 2
946 217 2
946 253 2
946 121 2
946 244 2
946 4 1.5
946 247 2
946 8 2
946 257 2
946 239 2
946 12 1.5
946 243 2
946 251 2
946 233 2
946 255 2
946 214 2
946 234 2
946 250 2
946 9 2
946 256 2
946 254 2
946 84 2
947 253 2
947 212 2
947 248 2
947 243 2
947 1367 1
947 252 2
947 255 2
947 214 2
947 749 1
947 256 2
947 2 2
947 244 2
947 217 2
947 210 2
948 216 2
948 84 2
948 207 2
948 12 1.5
948 212 2
949 12 2
949 10 1
949 250 2
949 254 1.5
949 241 2
949 212 2
950 216 1.5
950 217 2
950 243 2
950 254 2
950 1 1.5
950 248 2
952 216 1.5
952 305 0.5
952 4 2
952 11 2
952 2 1.5
952 13 2
952 12 0.5
952 835 2
953 207 0.5
953 7 2
953 236 2
955 207 2
955 9 2
957 207 1.5
957 236 2
957 2 2
957 215 2
957 10 1.5
958 12 2
958 220 0.5
958 3 2
958 256 0.5
958 217 1.5
958 253 0.5
958 6 1.5
958 4 0.5
958 241 0.5
958 257 1.5
958 244 0.5
958 207 1
958 216 2
958 254 1.5
958 235 0.5
958 11 2
958 249 1.5
958 212 2
958 252 1.5
958 251 0.5
958 5 2
958 243 1.5
958 234 2
958 250 1
958 248 1.5
958 205 2
958 7 1.5
958 84 0.5
959 1 0.5
959 11 1.5
960 213 2
960 1 2
961 283 1
961 577 1
962 17 1
962 205 2
962 12 2
962 236 1
962 10 1
962 13 2
963 591 2
963 1062 2
963 1670 1
963 593 2
963 1674 1
963 377 2
963 1200 0.5
963 925 1.5
963 257 2
963 597 2
963 1678 1.5
964 10 2
964 1 1.5
965 252 2
965 606 0.5
965 11 1
965 257 2
965 3 0.5
965 121 2
965 683 2
965 2 0.5
965 245 2
965 217 2
968 9 2
969 1682 2
969 1010 1
969 733 1.5
969 1686 1.5
969 1352 2
969 358 2
969 1382 1
969 1700 0.5
969 691 1.5
969 1708 1.5
969 1164 1.5
969 1713 2
969 366 1.5
969 949 2
969 890 1.5
969 1716 2
969 1719 1.5
969 1547 1.5
969 1725 2
969 1726 1.5
969 1728 1.5
969 1730 2
969 1731 2
969 688 1.5
969 1735 2
969 1741 2
969 1749 2
969 1750 2
969 1751 2
969 1752 2
969 1500 1
969 765 2
969 955 1.5
969 1763 2
970 256 1
970 8 2
970 235 1.5
970 219 0.5
970 250 0.5
971 235 1.5
971 239 2
971 213 2
971 2 2
971 206 1.5
971 257 1.5
971 220 1.5
971 256 2
971 217 2
971 245 1.5
971 244 1.5
972 216 2
972 121 2
972 243 1.5
972 10 2
972 220 2
972 235 1.5
972 236 0.5
972 3 2
972 1 1
976 215 1
982 253 2
982 243 1.5
982 210 2
982 7 0.5
982 12 2
982 235 2
982 205 2
982 213 2
982 249 2
982 256 2
982 121 2
983 579 0.5
984 247 1.5
984 243 1.5
984 213 2
984 257 1
984 10 2
984 246 2
984 256 1.5
984 214 2
984 252 2
984 245 1.5
984 248 1.5
984 217 1.5
984 121 2
984 244 1.5
984 210 2
985 3 2
985 205 2
985 214 2
985 216 2
985 2 2
987 245 1.5
987 211 2
987 256 2
987 3 2
987 243 1.5
987 17 2
987 217 1.5
987 210 2
987 216 1.5
988 220 2
988 215 1.5
988 2 1
988 213 2
988 243 2
988 248 1.5
988 205 1.5
988 121 2
988 247 2
988 255 1.5
988 249 1.5
988 239 1.5
988 217 1.5
988 210 2
988 234 1.5
988 253 1
988 212 1
988 246 1.5
988 211 2
988 216 1.5
988 233 2
988 84 1.5
988 252 2
988 244 2
988 256 1.5
988 13 2
988 5 1.5
988 214 1.5
988 206 2
988 10 2
988 11 2
989 207 2
989 1368 1
989 205 2
989 10 2
989 1340 1
995 244 1
995 1 2
995 235 1.5
995 239 1
995 10 1
995 217 2
995 213 1
995 7 2
995 254 1.5
995 2 2
995 207 1.5
998 472 1.5
998 159 1
998 631 1.5
998 569 1
998 1770 0.5
998 283 1.5
998 1772 0.5
998 435 1.5
998 1773 1.5
998 64 1.5
998 1249 0.5
998 1775 1.5
998 1778 1
998 541 1.5
998 123 1
998 468 1
999 217 2
999 205 2
999 216 2
999 254 1.5
999 243 1.5
999 10 1.5
999 1 2
999 235 1.5
999 1784 0.5
999 2 1.5
999 247 2
999 1785 0.5
999 207 1.5
999 943 0.5
999 253 2
999 220 2
1000 6 1
1000 11 2
1000 247 1.5
1000 8 1.5
1000 239 2
1000 243 1.5
1000 206 0.5
1000 7 0.5
1000 233 1.5
1000 257 1
1000 12 1
1000 10 0.5
1000 5 1.5
1000 1 1
1000 215 1
1000 234 1
1000 211 2
1000 13 2
1000 235 1.5
1000 249 2
1000 256 1
1000 205 2
1000 214 2
1000 216 1
1000 212 0.5
1000 246 1
1000 245 2
1000 9 1.5
1000 254 1.5
1000 244 1
1000 210 1.5
1000 219 2
1001 244 2
1001 11 1
1001 235 1.5
1001 12 2
1001 241 2
1001 234 0.5
1001 253 2
1001 214 2
1001 210 1.5
1001 17 1.5
1001 213 1.5
1001 254 2
1001 211 1.5
1001 121 1
1001 252 2
1001 246 1.5
1001 216 1
1001 220 0.5
1001 4 1
1001 239 1.5
1002 207 2
1002 250 2
1002 213 2
1002 219 0.5
1002 254 1.5
1002 4 0.5
1002 429 1
1002 205 1.5
1002 239 2
1002 940 1
1002 17 0.5
1002 233 1.5
1002 11 0.5
1002 236 0.5
1002 1787 2
1002 8 0.5
1003 5 2
1003 241 2
1003 219 2
1003 233 1
1003 206 2
1003 250 2
1003 121 2
1003 244 2
1003 17 2
1003 234 2
1003 220 2
1003 10 2
1003 257 1.5
1003 210 2
1003 1 2
1003 251 2
1003 246 2
1003 236 2
1003 235 1.5
1003 255 1.5
1003 8 1.5
1003 254 1.5
1003 215 2
1004 214 1
1004 1 2
1004 10 1
1006 253 2
1007 2 1.5
1007 235 1.5
1007 207 2
1007 12 1.5
1009 1 2
1009 2 2
1009 10 1
1010 12 2
1011 241 2
1013 213 2
1013 17 1.5
1014 212 1
1014 10 2
1014 1 1
1014 217 2
1015 9 1.5
1015 254 2
1015 236 1.5
1017 1628 2
1017 343 2
1017 215 1
1017 1536 1
1017 1274 2
1017 1504 1.5
1017 235 2
1017 769 0.5
1017 604 1.5
1017 1626 1
1017 560 2
1017 1259 0.5
1018 1587 1
1018 2 2
1018 274 0.5
1018 8 2
1019 213 1
1019 1072 2
1019 494 2
1019 1095 1.5
1019 1079 2
1019 8 2
1021 11 1.5
1023 12 1.5
1024 121 2
1024 3 1.5
1024 257 1
1024 212 0.5
1024 235 2
1024 239 1.5
1024 243 2
1024 220 1.5
1024 84 2
1024 233 1.5
1024 6 1.5
1024 17 1.5
1024 253 2
1024 206 2
1028 2 2
1028 235 2
1030 5 1.5
1030 11 1.5
1030 7 1.5
1031 1640 1.5
1033 832 0.5
1033 236 1
1034 233 1.5
1034 441 0.5
1034 1415 1
1034 10 2
1034 205 2
1034 236 2
1034 7 1.5
1034 1592 2
1034 207 0.5
1034 1 2
1038 13 2
1038 243 2
1038 245 2
1038 217 2
1038 256 2
1038 5 2
1038 207 1.5
1038 211 2
1038 257 2
1038 233 1.5
1038 206 2
1038 247 2
1038 246 2
1038 239 2
1038 210 2
1038 8 2
1039 135 1.5
1039 88 2
1039 176 2
1039 106 2
1039 99 1
1039 1038 1.5
1039 1257 1.5
1039 1829 1.5
1039 62 2
1039 1724 2
1039 63 0.5
1039 19 2
1039 78 2
1039 280 1
1039 80 2
1039 447 2
1039 203 1
1039 166 0.5
1039 184 0.5
1039 743 0.5
1039 919 2
1039 839 1.5
1039 1452 2
1039 363 2
1039 173 2
1039 254 2
1039 1460 1
1039 1034 1.5
1039 1318 1.5
1039 14 1.5
1039 175 0.5
1039 1832 2
1039 880 2
1039 1491 2
1039 599 1.5
1040 1833 0.5
1040 10 2
1041 951 0.5
1041 1549 0.5
1041 1543 0.5
1043 207 2
1045 17 2
1045 255 1
1045 2 1
1045 8 1.5
1045 13 1.5
1046 247 2
1046 10 1
1046 248 2
1046 249 1.5
1046 243 1.5
1046 220 2
1046 252 2
1046 7 1
1046 241 1.5
1046 216 1.5
1046 3 1.5
1046 1 1.5
1046 210 2
1048 10 2
1048 213 1
1048 13 2
1048 1 2
1049 12 1.5
1050 252 2
1050 217 2
1050 241 2
1050 254 2
1050 256 2
1050 234 2
1050 121 2
1050 10 1.5
1050 257 1.5
1050 243 1
1050 244 2
1050 245 2
1050 214 2
1050 246 2
1050 205 2
1050 210 2
1050 247 2
1050 248 2
1050 249 2
1050 250 2
1052 217 0.5
1052 245 1.5
1052 234 1.5
1052 3 1.5
1052 244 2
1052 7 1.5
1052 252 1
1055 7 1
1056 245 1
1056 211 1.5
1056 255 1.5
1056 233 1.5
1056 5 2
1056 213 1.5
1056 244 1
1056 239 2
1056 13 0.5
1056 219 2
1056 8 1
1056 234 2
1056 1 2
1057 7 2
1057 12 1
1059 236 2
1060 13 2
1060 218 2
1060 10 2
1060 4 0.5
1060 2 1
1060 8 1.5
1060 9 1.5
1060 1226 1
1060 1116 2
1060 1223 2
1060 866 1.5
1060 70 0.5
1060 721 1
1060 242 2
1060 607 1
1061 251 2
1061 218 1.5
1061 11 0.5
1062 239 2
1062 12 2
1062 10 1.5
1062 7 2
1062 1 1.5
1064 9 1.5
1065 9 2
1065 1838 2
1065 1839 2
1065 1840 1.5
1065 1830 1.5
1065 592 1
1065 719 2
1065 1597 2
1065 70 1.5
1065 499 2
1065 1756 1
1067 215 1
1067 233 1.5
1069 216 2
1069 2 2
1069 205 1.5
1069 1 1.5
1069 214 2
1069 10 2
1069 84 2
1071 216 1
1071 205 1
1071 12 2
1071 254 2
1071 207 2
1071 253 2
1071 10 1
1071 7 1.5
1072 216 0.5
1072 84 1.5
1072 3 2
1072 239 1
1072 257 1
1072 207 2
1072 212 1.5
1076 239 2
1076 3 0.5
1076 1225 1
1076 207 0.5
1078 220 2
1078 207 2
1078 253 1
1078 233 2
1078 5 2
1079 17 2
1080 215 1
1081 13 2
1081 249 0.5
1081 84 2
1081 244 1.5
1081 215 0.5
1081 252 1.5
1081 241 0.5
1081 121 1.5
1081 256 2
1081 3 2
1081 243 2
1081 12 2
1081 254 0.5
1081 250 1.5
1081 251 2
1081 235 0.5
1081 253 2
1081 236 2
1081 211 1.5
1081 210 2
1082 13 1.5
1082 211 1
1082 213 2
1083 257 2
1083 17 1
1084 236 1.5
1085 9 2
1085 7 2
1085 247 2
1085 252 0.5
1085 207 2
1085 1654 1
1085 243 1.5
1087 244 2
1087 255 2
1087 239 2
1088 17 2
1088 213 1
1088 5 2
1088 215 1
1088 255 2
1088 10 2
1089 17 1
1089 251 1
1089 255 1
1089 217 1.5
1089 253 2
1089 212 2
1089 246 1
1089 245 0.5
1089 211 1.5
1089 216 1.5
1089 233 2
1089 3 1.5
1089 7 1.5
1089 206 0.5
1089 10 2
1089 4 1.5
1089 235 2
1089 1 1.5
1089 248 1.5
1089 12 1.5
1089 205 1
1089 247 1
1092 206 2
1092 211 1.5
1092 245 2
1092 234 2
1095 12 1.5
1095 235 1
1095 249 1.5
1096 243 0.5
1096 6 1
1096 84 1
1100 7 2
1100 13 2
1100 10 2
1102 2 1
1103 8 1
1103 2 0.5
1105 215 2
1106 1 2
1107 215 1
1108 10 2
1108 220 0.5
1108 235 1.5
1108 245 0.5
1108 12 1.5
1108 251 1.5
1108 212 1.5
1108 234 0.5
1108 1 1
1108 241 1.5
1108 216 1
1108 257 1
1108 2 1
1108 17 1.5
1108 7 0.5
1108 239 0.5
1108 256 1
1109 235 1.5
1109 234 1.5
1109 216 2
1109 7 1.5
1109 205 2
1109 248 1.5
1109 2 2
1109 219 1.5
1109 245 2
1109 252 1.5
1109 255 1.5
1109 212 2
1109 84 1.5
1109 244 2
1109 12 1.5
1109 239 2
1109 247 2
1109 217 1.5
1109 214 2
1109 256 1.5
1110 1 2
1111 216 2
1111 1 2
1111 205 2
1112 213 2
1112 234 1.5
1114 1848 2
1115 211 1.5
1115 234 2
1115 214 0.5
1115 246 2
1115 255 2
1115 213 0.5
1116 253 0.5
1118 2 2
1120 214 1.5
1121 6 2
1122 214 2
1122 243 0.5
1122 4 2
1122 215 2
1123 235 1
1124 215 1
1124 253 1.5
1125 241 2
1125 1 2
1125 11 2
1125 207 1.5
1125 239 1.5
1125 254 1.5
1126 241 2
1127 9 2
1127 210 2
1127 8 2
1127 207 2
1129 207 2
1130 3 2
1132 241 2
1133 1 0.5
1133 1831 1.5
1133 12 2
1133 241 1
1133 234 1
1133 207 2
1139 247 2
1139 245 1.5
1139 6 1.5
1139 249 1.5
1139 248 1.5
1139 250 1.5
1139 1 1.5
1139 257 2
1139 121 2
1139 84 1.5
1139 233 2
1139 246 1.5
1139 216 2
1139 205 2
1139 256 1.5
1139 207 2
1139 252 2
1139 12 2
1139 253 1.5
1139 214 1.5
1139 243 1.5
1139 251 1.5
1139 210 1.5
1139 255 2
1139 212 2
1139 235 1.5
1139 9 1.5
1140 216 2
1140 8 2
1142 17 2
1142 211 1.5
1143 236 1.5
1143 6 1.5
1144 2 1.5
1146 211 1.5
1146 254 2
1146 245 2
1146 84 2
1146 206 2
1146 215 1.5
1146 257 2
1146 252 0.5
1146 246 2
1146 220 2
1146 8 2
1146 256 1.5
1146 239 1
1146 217 1.5
1146 219 2
1146 244 1.5
1146 234 1.5
1146 253 1.5
1146 214 1.5
1146 210 1.5
1146 243 2
1146 249 1.5
1146 248 1.5
1146 255 2
1146 17 1.5
1146 213 2
1146 250 2
1146 247 2
1147 1393 1.5
1147 594 2
1147 698 2
1147 715 2
1147 12 1
1147 597 1.5
1147 1854 1
1147 351 0.5
1147 701 1
1147 1589 1.5
1147 587 1.5
1147 944 1
1147 606 2
1147 923 2
1147 207 2
1147 510 2
1147 747 2
1148 236 2
1148 4 1
1148 234 0.5
1148 2 1.5
1148 207 0.5
1148 256 2
1148 8 2
1148 212 0.5
1148 213 1.5
1148 216 1.5
1148 121 0.5
1148 239 1.5
1148 243 0.5
1148 9 1
1148 211 1.5
1148 244 1.5
1148 235 2
1148 6 1
1148 248 2
1148 220 2
1148 215 0.5
1148 251 2
1148 84 0.5
1148 7 2
1148 233 1
1148 241 1.5
1148 253 1
1148 254 1.5
1148 255 1.5
1149 265 2
1149 583 2
1149 434 2
1152 213 2
1152 219 0.5
1152 12 1
1152 11 0.5
1152 6 1.5
1152 17 2
1152 7 1.5
1152 4 0.5
1152 8 1.5
1153 17 2
1153 676 1.5
1153 205 1.5
1154 214 0.5
1155 244 2
1155 257 1.5
1155 250 2
1155 13 2
1155 233 2
1155 234 1.5
1155 210 2
1155 219 2
1155 256 2
1155 252 2
1155 241 2
1155 243 1.5
1155 255 1.5
1155 247 1.5
1155 207 2
1155 121 1.5
1156 207 1.5
1157 716 2
1157 1109 0.5
1157 711 0.5
1157 169 1
1157 1029 2
1157 1183 1.5
1157 499 1.5
1157 715 0.5
1157 592 0.5
1157 389 1.5
1157 436 2
1157 1859 1
1157 282 0.5
1157 215 2
1157 206 2
1157 59 1.5
1157 218 2
1157 676 0.5
1157 1028 1
1157 1026 2
1157 872 1
1157 1037 0.5
1159 638 1.5
1159 5 2
1159 255 2
1159 541 1.5
1159 756 1.5
1159 734 0.5
1159 12 2
1159 1271 0.5
1159 233 2
1160 628 1.5
1160 755 2
1162 213 2
1162 257 2
1162 210 2
1162 2 2
1162 212 2
1162 215 2
1162 1360 1.5
1162 84 2
1162 251 2
1162 9 1.5
1162 17 2
1162 121 2
1162 214 2
1162 233 2
1162 246 1.5
1163 2 0.5
1164 1 2
1164 217 2
1164 234 2
1164 254 1
1165 235 2
1165 10 2
1165 205 1.5
1167 2 2
1167 12 1.5
1167 235 1.5
1167 207 2
1167 215 2
1172 7 1.5
1173 1868 2
1173 233 1
1173 347 1
1173 3 0.5
1173 214 2
1173 10 0.5
1173 11 0.5
1173 342 1
1173 121 0.5
1173 17 2
1173 255 1
1173 1882 1
1173 1885 0.5
1173 234 0.5
1173 9 0.5
1175 236 0.5
1175 241 1.5
1175 214 1.5
1175 256 1.5
1175 250 1.5
1175 213 1.5
1175 249 1.5
1175 6 1.5
1178 257 2
1178 215 2
1178 213 1.5
1179 215 1
1179 205 1
1180 7 1.5
1180 207 1
1182 11 2
1184 246 2
1184 257 2
1184 241 2
1184 17 2
1186 205 2
1187 591 1.5
1187 215 2
1187 617 2
1187 1530 2
1187 31 2
1187 341 1
1187 933 1
1187 1894 2
1187 92 2
1187 244 2
1187 738 2
1187 148 2
1187 1902 2
1187 116 2
1187 510 2
1187 1711 2
1187 12 2
1187 947 2
1187 339 2
1187 17 2
1187 588 2
1187 761 2
1187 959 2
1187 820 2
1187 205 2
1187 235 2
1187 278 2
1187 1917 2
1187 207 0.5
1187 799 2
1187 423 1.5
1187 236 2
1187 592 1
1187 243 1.5
1187 691 1
1187 693 2
1187 597 1
1187 593 1.5
1187 438 2
1187 29 2
1187 1926 2
1187 301 1
1187 1927 2
1187 452 2
1188 253 2
1188 241 2
1188 10 2
1188 254 2
1188 257 2
1188 205 1.5
1189 10 2
1189 585 2
1189 423 1
1189 345 2
1191 17 1.5
1192 207 2
1192 7 2
1192 1 2
1192 241 1
1193 213 2
1193 207 1.5
1194 12 1
1197 10 2
1197 9 1
1197 7 2
1198 211 2
1198 246 2
1198 254 2
1198 121 2
1198 210 1.5
1198 6 1.5
1198 217 1.5
1198 239 2
1198 253 1.5
1198 220 1
1198 243 0.5
1198 257 2
1198 5 1
1198 235 1
1198 213 1.5
1198 255 2
1198 207 2
1198 214 2
1198 84 2
1199 780 2
1199 490 2
1201 207 1.5
1201 7 1
1201 17 2
1202 244 0.5
1202 253 2
1202 121 2
1202 217 1
1202 234 1.5
1202 235 2
1202 3 1.5
1202 213 1
1202 220 1.5
1202 219 0.5
1202 210 1
1202 8 1.5
1206 10 2
1207 217 2
1207 207 1.5
1207 213 2
1207 12 2
1207 121 2
1208 1022 1
1208 91 2
1208 579 0.5
1208 592 1.5
1208 1020 2
1208 1021 0.5
1209 246 2
1209 241 2
1209 6 2
1209 121 2
1209 239 2
1209 213 2
1209 254 2
1209 9 2
1209 233 1.5
1209 215 2
1209 1 2
1209 245 1.5
1209 236 2
1209 211 1.5
1209 255 1.5
1210 207 2
1212 1936 2
1212 1126 1
1212 1938 1
1212 1939 0.5
1212 758 2
1212 1832 1.5
1212 1384 1
1212 1940 2
1212 1941 1.5
1212 453 0.5
1212 1035 0.5
1212 1943 1
1212 1383 1
1212 1747 0.5
1212 1945 1.5
1212 1946 1.5
1212 1129 1.5
1212 12 0.5
1212 1033 1
1212 1125 1
1212 1949 2
1212 1206 0.5
1214 2 2
1214 12 2
1214 207 1
1214 10 1
1214 5 2
1218 1 2
1218 247 2
1218 6 1.5
1218 250 2
1218 217 1.5
1218 210 2
1218 246 2
1219 10 2
1219 1 2
1219 13 2
1219 213 2
1220 213 0.5
1220 215 1
1220 10 0.5
1220 219 1.5
1220 252 1.5
1222 1 2
1222 216 0.5
1222 215 2
1222 239 0.5
1222 213 2
1222 205 0.5
1223 1054 0.5
1223 1199 1
1223 1952 0.5
1225 249 2
1225 246 0.5
1225 250 0.5
1225 121 1.5
1225 216 0.5
1225 252 1
1225 219 1.5
1225 2 1
1225 220 0.5
1225 243 1
1225 236 2
1225 244 2
1225 206 1.5
1225 7 1.5
1225 4 1.5
1225 5 1.5
1225 235 1
1225 213 2
1225 1 1.5
1225 234 1.5
1226 84 1.5
1226 246 2
1226 253 2
1226 213 2
1226 245 2
1226 9 2
1227 215 0.5
1228 248 1.5
1228 4 2
1228 13 2
1228 253 0.5
1228 247 2
1228 235 2
1229 250 2
1229 211 1
1229 235 2
1229 257 1
1229 246 1.5
1230 10 2
1230 1 1.5
1230 13 1
1230 3 2
1230 205 1
1230 216 0.5
1230 212 0.5
1230 2 1
1230 11 2
1230 215 1.5
1232 254 2
1232 7 1.5
1232 1 1
1233 239 1.5
1233 212 1
1235 205 2
1235 220 1.5
1235 3 1
1235 7 2
1235 252 1.5
1235 212 0.5
1235 84 0.5
1235 12 2
1235 1 2
1235 239 1
1235 10 2
1235 217 0.5
1235 244 1
1235 256 1.5
1235 206 2
1236 215 2
1236 252 2
1236 5 1.5
1236 7 2
1239 253 2
1239 216 0.5
1241 2 2
1241 7 1.5
1241 250 2
1241 6 1.5
1241 11 1.5
1241 249 2
1241 257 1.5
1241 244 2
1241 10 2
1241 213 2
1241 252 0.5
1241 216 1
1241 206 2
1241 4 1
1241 256 2
1241 215 2
1241 17 2
1241 243 1
1241 207 1.5
1241 253 1.5
1243 206 2
1243 7 2
1244 1955 0.5
1244 211 0.5
1244 318 0.5
1244 1019 0.5
1244 59 0.5
1244 1060 0.5
1244 1357 0.5
1244 1956 0.5
1244 2 0.5
1246 235 1.5
1246 205 1.5
1246 239 1
1246 213 1.5
1246 2 1
1246 4 0.5
1246 248 2
1246 210 0.5
1246 233 0.5
1246 215 2
1246 3 1
1246 253 0.5
1246 1 1
1246 256 1
1246 214 0.5
1246 217 2
1246 17 1.5
1246 11 2
1246 211 1
1246 10 0.5
1246 255 1
1246 212 1
1246 245 1.5
1246 244 1
1246 5 1.5
1246 241 0.5
1246 6 0.5
1246 8 1.5
1246 234 0.5
1246 251 1
1246 84 0.5
1246 207 0.5
1246 250 1
1246 219 1.5
1246 254 0.5
1246 7 2
1246 246 2
1246 206 1.5
1246 247 1
1248 216 2
1249 1958 1
1249 171 2
1249 383 1.5
1249 46 2
1249 1960 2
1249 1582 2
1249 1961 1
1249 1187 2
1249 179 0.5
1249 36 0.5
1249 1576 1.5
1249 156 0.5
1249 919 1
1249 1569 2
1249 1124 0.5
1249 1574 1
1249 1581 2
1249 146 1.5
1249 149 1.5
1249 40 2
1249 1962 2
1249 170 1
1249 1963 2
1249 4 0.5
1249 1964 2
1249 32 1.5
1249 67 1
1249 1580 2
1249 158 1
1249 1966 1
1249 160 1
1249 56 1.5
1249 119 1.5
1249 1571 1.5
1249 113 0.5
1249 124 1
1249 125 0.5
1250 216 2
1250 219 2
1250 215 2
1250 251 2
1250 3 2
1252 4 1.5
1254 235 1
1254 243 1.5
1254 7 2
1254 257 2
1254 12 1.5
1254 247 2
1254 217 1
1254 219 1.5
1254 253 2
1254 250 1.5
1254 245 1.5
1254 256 2
1254 220 0.5
1255 214 2
1255 235 1.5
1255 217 2
1255 206 2
1255 12 2
1256 220 2
1257 205 0.5
1257 255 2
1257 12 2
1257 2 0.5
1258 17 1
1258 243 1
1258 245 2
1258 235 2
1259 1 2
1261 6 1.5
1261 219 2
1261 212 2
1261 216 2
1261 235 2
1261 12 2
1261 255 2
1262 212 1
1263 211 1
1263 241 0.5
1263 234 2
1263 255 1.5
1263 13 2
1263 84 2
1263 249 2
1263 250 1.5
1263 254 1
1263 235 1
1263 205 2
1263 2 2
1263 3 2
1263 256 1.5
1267 219 2
1267 13 1.5
1267 1 2
1267 217 1.5
1267 17 1.5
1267 239 1.5
1267 213 1
1268 235 2
1268 1 2
1269 1971 2
1270 8 1.5
1270 17 1.5
1270 449 1
1271 205 2
1271 210 2
1271 219 2
1271 234 1.5
1271 253 2
1271 244 2
1271 2 1.5
1272 207 2
1272 7 2
1272 215 1.5
1273 217 2
1273 8 0.5
1273 13 2
1273 207 2
1274 256 2
1274 206 2
1274 235 1.5
1274 249 2
1274 248 2
1274 121 2
1278 17 1.5
1279 121 1.5
1279 206 1.5
1279 257 2
1279 220 2
1280 235 1
1282 1 2
1283 250 2
1283 210 0.5
1283 245 2
1283 251 1.5
1283 247 0.5
1285 215 0.5
1286 8 2
1286 243 2
1286 235 2
1287 1919 0.5
1287 207 2
1287 12 2
1288 274 1
1288 235 2
1288 678 1.5
1288 843 1
1288 388 1.5
1288 1200 1
1289 244 2
1289 207 2
1289 249 2
1289 214 2
1289 248 2
1289 12 2
1289 239 2
1290 236 0.5
1292 17 0.5
1292 253 2
1292 9 2
1292 10 1.5
1292 5 2
1292 217 1.5
1292 256 2
1292 250 2
1292 246 1
1292 216 0.5
1292 257 0.5
1292 210 2
1292 248 2
1292 249 2
1292 219 1.5
1292 4 1
1292 215 2
1292 11 1.5
1292 84 2
1292 251 2
1295 235 1.5
1295 239 2
1295 213 1
1295 2 1.5
1295 219 1
1295 254 1.5
1295 4 1
1295 7 0.5
1295 257 2
1295 247 2
1295 214 1.5
1295 233 0.5
1295 248 1.5
1295 3 1.5
1295 11 1.5
1295 253 2
1295 1 2
1295 256 1.5
1295 212 1.5
1295 243 0.5
1295 244 2
1295 211 1
1295 234 0.5
1295 255 2
1295 84 1.5
1295 252 0.5
1295 246 2
1295 5 1
1295 8 1.5
1295 216 2
1295 121 1.5
1297 213 2
1297 234 1
1297 236 2
1297 7 1.5
1297 10 2
1299 1290 0.5
1299 605 1.5
1299 207 2
1300 210 2
1300 2 2
1301 205 2
1301 10 1.5
1301 220 1.5
1301 246 1
1304 10 2
1304 210 1
1304 253 0.5
1304 248 2
1304 234 2
1304 241 1
1304 252 0.5
1304 235 1
1304 216 1
1304 249 1.5
1304 217 0.5
1304 244 0.5
1304 13 1.5
1305 7 2
1305 13 1
1305 1 1
1305 12 2
1306 215 2
1306 9 1.5
1307 213 1
1307 239 1
1307 12 2
1310 235 1.5
1312 7 1
1312 235 2
1313 215 1
1315 1 2
1316 254 1
1316 219 1
1316 1 2
1318 239 2
1321 17 0.5
1326 9 1.5
1328 1767 0.5
1330 1864 1.5
1331 1121 2
1333 1057 1
1333 1342 1
1333 198 2
1333 4 1
1333 1987 1.5
1333 11 1
1333 169 2
1333 253 0.5
1333 433 0.5
1333 220 1.5
1333 1657 1
1333 1993 2
1333 1995 2
1333 17 2
1333 1997 2
1333 1998 0.5
1333 2001 1
1333 2003 2
1333 12 0.5
1333 7 1
1333 2005 0.5
1333 1702 2
1333 2007 1
1333 2008 1
1333 2011 1.5
1333 2012 1
1333 2017 1.5
1333 355 1.5
1333 1703 1
1333 928 1
1333 1649 0.5
1333 241 1
1333 763 0.5
1333 13 2
1333 472 0.5
1334 257 2
1335 17 0.5
1335 1 2
1335 216 1.5
1335 257 2
1335 254 2
1335 211 1
1335 207 2
1336 236 0.5
1336 2027 2
1336 12 2
1336 274 2
1336 2031 2
1338 3 2
1338 2 2
1338 234 2
1338 250 2
1338 11 1.5
1338 236 2
1338 249 1
1338 247 2
1338 244 2
1338 10 2
1338 210 2
1338 13 2
1338 257 0.5
1338 206 2
1338 4 2
1338 215 0.5
1338 220 2
1338 251 2
1338 211 2
1340 236 2
1340 207 1.5
1341 10 1
1341 219 2
1342 214 1.5
1342 599 2
1342 244 0.5
1342 806 0.5
1342 252 1.5
1342 659 1
1343 213 2
1343 214 1.5
1343 17 1
1343 254 1.5
1343 215 2
1344 477 1.5
1344 17 2
1345 7 1.5
1346 12 1
1346 10 1.5
1347 207 1
1347 1 1.5
1347 254 1
1347 216 1.5
1347 217 2
1348 207 1
1348 5 2
1348 1 2
1348 17 2
1348 235 1
1348 216 1
1348 244 1.5
1348 6 2
1348 4 2
1348 251 2
1351 8 0.5
1351 121 1
1355 236 1
1355 582 1.5
1355 12 0.5
1355 235 1
1355 595 2
1355 597 1.5
1355 313 1.5
1355 239 1.5
1355 442 2
1355 594 0.5
1355 587 0.5
1355 585 1
1356 11 1
1356 3 0.5
1356 213 1.5
1356 1 1.5
1356 13 2
1356 10 1
1357 743 0.5
1359 496 2
1360 12 1
1360 781 1.5
1361 100 2
1363 2 1.5
1363 12 1.5
1363 234 2
1363 207 1.5
1364 3 2
1365 207 2
1365 2 2
1365 255 2
1366 257 1.5
1366 5 2
1366 1 2
1368 10 0.5
1369 236 2
1373 251 1
1373 241 0.5
1375 254 2
1375 2 2
1375 248 2
1375 251 1.5
1375 247 2
1375 1 0.5
1375 256 1.5
1375 249 1.5
1382 254 1.5
1382 207 0.5
1382 10 1
1382 7 1
1383 2 2
1383 461 0.5
1383 12 2
1385 257 1
1385 236 0.5
1385 217 2
1386 753 1
1386 148 1
1386 20 2
1386 1293 2
1386 816 1
1386 584 0.5
1386 233 2
1386 241 2
1386 829 2
1386 216 2
1386 11 0.5
1386 598 2
1386 825 2
1386 815 0.5
1386 742 1.5
1386 811 2
1386 699 1
1386 823 0.5
1386 235 2
1386 83 1
1386 31 0.5
1386 220 2
1386 588 1.5
1386 1861 0.5
1386 336 2
1386 694 0.5
1386 28 2
1388 5 0.5
1388 234 1
1388 211 1.5
1388 235 0.5
1388 246 2
1388 249 1.5
1388 250 2
1388 256 1.5
1388 205 1.5
1388 254 2
1388 214 0.5
1388 216 0.5
1388 252 1
1388 217 0.5
1388 253 0.5
1388 220 0.5
1388 121 2
1388 210 0.5
1388 206 0.5
1388 219 2
1388 247 0.5
1388 12 0.5
1388 243 1
1388 236 0.5
1388 215 1
1388 251 0.5
1388 3 2
1388 233 1
1388 255 2
1388 257 1
1392 299 2
1392 12 0.5
1392 824 2
1394 510 1
1394 270 1
1396 244 1.5
1396 206 2
1396 12 1.5
1396 243 1
1396 3 1.5
1396 257 2
1396 10 1.5
1396 235 0.5
1396 249 1
1396 250 2
1396 256 2
1396 241 2
1396 84 1
1396 248 1.5
1396 253 1.5
1398 169 0.5
1398 743 1
1398 587 1
1399 246 1
1399 205 2
1402 1 2
1402 257 1
1402 554 1.5
1402 248 1
1402 255 2
1403 215 1.5
1404 11 0.5
1405 207 2
1406 326 0.5
1406 321 2
1406 331 2
1406 236 2
1406 328 2
1406 324 0.5
1406 1 2
1406 334 2
1406 1082 2
1406 17 1
1407 1527 1.5
1407 1525 2
1414 241 2
1414 235 2
1414 7 1.5
1414 1 1.5
1414 248 2
1414 210 2
1414 253 2
1414 12 1.5
1414 205 2
1414 216 1.5
1414 207 2
1414 84 2
1414 212 2
1414 3 2
1414 5 2
1414 10 1.5
1414 252 2
1414 220 2
1415 1 1.5
1415 2046 2
1416 249 2
1416 245 2
1417 241 2
1417 207 2
1417 8 2
1419 239 1.5
1419 1 2
1419 2 2
1419 212 1
1419 205 2
1422 257 1
1423 17 2
1424 249 2
1424 3 2
1424 244 2
1425 8 2
1425 234 2
1425 249 0.5
1425 250 2
1425 254 2
1425 9 1
1425 257 2
1425 247 2
1425 17 1.5
1425 248 1.5
1425 210 1
1425 233 0.5
1425 3 1
1425 253 1
1425 256 1.5
1425 243 2
1425 236 0.5
1425 255 1.5
1426 17 2
1426 13 1
1426 1 1.5
1426 213 1.5
1426 220 1.5
1426 219 1
1426 215 2
1426 239 1
1426 257 1.5
1429 12 2
1430 243 2
1430 234 2
1430 212 1.5
1430 12 1
1430 250 2
1430 207 1
1430 235 0.5
1430 253 0.5
1430 210 1.5
1430 233 1.5
1430 219 1
1430 1 0.5
1430 249 2
1430 205 1.5
1430 246 2
1430 217 1.5
1430 245 1
1430 239 0.5
1430 211 1.5
1430 17 2
1430 2 0.5
1431 3 2
1431 10 2
1432 12 2
1432 257 2
1434 205 2
1434 7 1.5
1434 206 2
1437 254 1
1438 206 2
1438 11 2
1438 220 0.5
1438 2 1.5
1438 213 1
1438 4 1
1438 235 1
1438 13 2
1438 1 2
1438 248 2
1438 17 0.5
1438 251 1
1438 255 1
1438 249 2
1438 6 0.5
1438 239 2
1438 210 1
1438 253 1
1438 212 1
1438 245 0.5
1438 233 2
1438 244 1
1439 248 2
1439 210 2
1439 206 2
1439 12 1.5
1439 255 2
1439 234 2
1439 211 1.5
1439 256 2
1439 241 2
1439 84 1.5
1440 236 2
1440 251 2
1440 8 2
1440 121 2
1442 17 2
1443 234 2
1443 1315 2
1444 205 1.5
1444 1 0.5
1444 248 0.5
1444 254 1.5
1444 243 0.5
1444 217 2
1444 256 0.5
1444 241 1.5
1444 11 1.5
1444 84 0.5
1444 253 0.5
1444 4 0.5
1444 6 1.5
1444 233 1.5
1444 121 1
1444 244 1.5
1444 12 1.5
1444 234 2
1444 220 2
1444 10 2
1444 214 2
1444 247 0.5
1444 246 2
1444 213 2
1444 235 2
1444 9 1.5
1444 216 2
1444 210 2
1444 2 2
1446 220 2
1446 10 1
1446 205 1
1446 1 2
1446 3 2
1446 13 2
1446 214 2
1446 212 0.5
1446 251 2
1451 243 2
1451 235 2
1451 2 2
1452 207 1
1452 1760 1.5
1452 1 2
1452 391 1.5
1452 211 0.5
1452 253 1.5
1452 7 0.5
1453 239 2
1453 121 2
1453 235 0.5
1453 220 0.5
1453 249 2
1453 6 1
1453 243 2
1454 219 0.5
1454 12 1
1454 254 1.5
1454 236 1.5
1454 249 2
1454 257 0.5
1454 244 1
1454 210 2
1454 233 1.5
1454 1641 2
1454 216 1
1454 246 1
1454 206 1.5
1454 217 1
1454 256 1
1454 17 0.5
1454 205 2
1454 255 1.5
1454 253 2
1454 211 2
1454 2 2
1455 2 2
1455 12 2
1455 207 1.5
1455 239 2
1455 1 2
1457 216 2
1457 121 2
1457 241 2
1457 244 2
1457 210 2
1457 249 2
1458 13 2
1458 215 1
1459 194 0.5
1459 273 2
1460 220 2
1460 244 2
1460 249 2
1460 241 1.5
1460 7 1.5
1461 121 2
1461 239 2
1461 214 2
1461 3 2
1461 17 1.5
1461 212 2
1461 2 2
1461 217 1.5
1461 216 1.5
1462 256 1.5
1462 245 1.5
1462 234 2
1462 10 2
1462 84 2
1462 210 2
1462 246 2
1463 341 1
1464 243 1
1464 234 1.5
1464 250 2
1464 253 2
1464 247 0.5
1464 10 1.5
1464 7 1
1464 13 1.5
1464 6 1
1464 249 0.5
1464 257 1.5
1464 84 1.5
1464 248 2
1464 213 1
1464 252 0.5
1464 4 1
1464 217 1.5
1464 245 1.5
1464 239 2
1464 256 0.5
1464 8 1.5
1465 17 2
1466 205 2
1466 216 2
1466 1081 0.5
1467 214 1
1467 248 2
1467 255 1.5
1467 235 1
1467 2 1.5
1467 257 2
1467 234 2
1467 12 2
1467 217 2
1467 249 2
1467 205 2
1467 253 1
1468 585 2
1468 241 2
1468 12 2
1468 17 0.5
1468 1298 2
1469 5 1
1469 10 2
1469 252 1
1469 255 1
1469 2 1
1469 12 1
1469 219 1
1469 236 1
1469 217 1
1469 213 2
1469 3 1
1469 13 2
1469 235 1
1469 239 1
1469 214 1
1469 220 1
1469 212 1
1469 234 1
1469 1 1
1469 11 2
1470 252 2
1470 12 2
1470 234 2
1470 219 2
1470 7 2
1471 7 0.5
1471 17 2
1474 211 0.5
1474 245 2
1474 4 1
1474 207 1
1474 84 2
1474 251 2
1474 244 2
1474 235 1
1474 12 1.5
1474 17 1.5
1474 253 1.5
1474 247 2
1474 216 0.5
1474 217 2
1474 220 1
1474 7 2
1475 5 2
1475 254 1.5
1475 121 1.5
1475 3 1.5
1475 219 2
1475 235 2
1475 249 2
1475 243 2
1475 220 1
1475 244 1.5
1475 233 2
1475 253 2
1476 205 1.5
1476 8 1.5
1476 215 0.5
1478 215 2
1478 253 1.5
1478 211 2
1478 233 2
1478 5 2
1478 121 2
1478 2 2
1478 13 2
1478 8 2
1478 11 2
1478 2060 1
1478 4 2
1480 1 1.5
1480 220 1.5
1480 3 2
1480 256 2
1480 235 1
1480 219 2
1480 207 1
1480 236 2
1480 7 1
1480 214 0.5
1480 234 2
1481 978 0.5
1481 2063 1.5
1481 452 0.5
1482 10 1.5
1482 213 1
1483 241 2
1483 211 2
1483 233 1.5
1483 121 1.5
1483 210 1.5
1483 1 1
1483 235 1.5
1483 9 2
1483 216 2
1483 8 2
1483 254 2
1483 243 1.5
1488 10 2
1488 1846 1.5
1491 5 1.5
1491 266 2
1491 59 1
1491 882 1
1491 596 0.5
1491 1711 1.5
1491 467 0.5
1491 2051 1.5
1491 1953 0.5
1491 693 1.5
1491 1836 1
1491 836 1.5
1491 1565 2
1493 586 0.5
1493 1764 1.5
1493 1729 0.5
1493 341 1.5
1495 267 0.5
1495 7 2
1496 668 2
1496 1384 2
1496 243 1.5
1496 1942 2
1496 389 2
1496 1940 2
1496 1949 2
1496 2 2
1496 1938 2
1496 764 2
1496 235 2
1497 215 1.5
1497 1478 2
1498 11 0.5
1498 248 1.5
1498 253 1
1498 206 0.5
1498 7 2
1498 4 1.5
1498 215 2
1498 235 1.5
1498 233 1.5
1498 256 2
1498 255 1.5
1498 249 2
1498 254 2
1498 220 1
1499 13 2
1499 255 1.5
1499 234 1.5
1499 3 2
1499 7 1.5
1500 17 2
1500 11 1
1500 207 0.5
1500 12 0.5
1500 7 2
1501 243 2
1501 1 2
1501 236 2
1501 12 2
1501 9 0.5
1501 251 2
1501 207 1
1501 6 1
1501 233 1.5
1501 219 1.5
1501 84 1.5
1501 245 1
1501 211 2
1501 254 2
1501 3 2
1501 241 1.5
1501 248 2
1501 17 2
1501 4 1.5
1502 235 2
1502 219 2
1502 217 2
1502 12 2
1502 207 1.5
1504 100 0.5
1504 207 2
1505 216 1
1505 239 2
1505 3 2
1505 10 1
1505 213 2
1505 241 2
1505 13 2
1505 235 2
1506 235 2
1506 4 1.5
1508 751 1
1508 7 1
1508 233 2
1508 257 2
1508 207 1.5
1508 1 1.5
1508 235 2
1508 3 2
1508 669 1
